{
    "vector": [
        1.0,
        6.0,
        5.0,
        8.0,
        47421.0,
        53226.0,
        872661.0,
        74788.0,
        2.0,
        0.11593815874802105,
        0.884061841251979,
        0.24904022209050924,
        0.7509597779094906,
        0.9147437306524349,
        0.08525626934756515,
        0.48576270556135315,
        0.5142372944386467,
        0.20538245424151552,
        0.7946175457584845,
        0.14289402569495,
        0.8571059743050499,
        0.6304652055322071,
        0.36953479446779297,
        0.03435051054912424,
        0.012378696828343035,
        0.013483494417708968,
        0.10831374527994705,
        0.1173552233066061,
        0.06062572168962731,
        0.041842229251009444,
        0.026220494405335762,
        0.0842390388340042,
        0.08149047210415454,
        0.08031080178264915,
        0.07765809225288149,
        0.024046628979091943,
        0.07285261797345848,
        0.07951323767116171,
        0.08531899467489651,
        0.012489693909503902,
        0.06475699702188037,
        0.0828335572571015,
        0.06908511301903429,
        0.020748774706576236,
        0.10754849160414155,
        0.015473233897543638,
        0.00913919790677444,
        0.06860586070993976,
        0.13824636650568822,
        0.01823863452424557,
        0.11020474924348544,
        0.13792478044618792,
        0.015216071817839414,
        0.05124157129160611,
        0.07824690613845156,
        0.06252473033535746,
        0.06581402677912329,
        0.08601636803368524,
        0.02704791260892723,
        0.0492677255775434,
        0.037526653202500176,
        0.07834780568955597,
        0.028352948706700007,
        0.02684637608477018,
        0.1286991231919989,
        0.09336281251548229,
        0.11620400488881988,
        0.010346936338322633,
        0.09051421037166363,
        0.055863630746683435,
        0.043264734928866275,
        0.0,
        4.0,
        5.0,
        9.0,
        10.0,
        14.0,
        15.0,
        19.0,
        20.0,
        24.0,
        25.0,
        29.0,
        30.0,
        34.0,
        35.0,
        39.0,
        40.0,
        44.0,
        45.0,
        49.0,
        50.0,
        54.0,
        55.0,
        59.0,
        60.0,
        64.0,
        65.0,
        100.0,
        0.010905005853976628,
        0.05788188863411068,
        0.11639577423358966,
        0.015949263431046305,
        0.12842946017066809,
        0.0005179168485601276,
        0.12505503849862137,
        0.009650209698518434,
        0.18188337912906397,
        0.037391470274469187,
        0.0808708777060792,
        0.09607632484095086,
        0.04533418076589016,
        0.09365920991445535,
        0.5518599686032635,
        0.4481400313967367,
        0.14727598821361218,
        0.11766742834873187,
        0.07249992528343675,
        0.0732231210439749,
        0.1356975343298496,
        0.018968565021623304,
        0.1653363167760504,
        0.17925465435707805,
        0.09007646662564307,
        0.3928477455406641,
        0.08549866009841747,
        0.1404441616118274,
        0.3812094327490911
    ],
    "matrix": [
        [
            3.1624351358706806e-05,
            0.00010353384139420324,
            0.00015296773721930993,
            2.6647956617742768e-05,
            0.00017558353619660674,
            4.9882659239429655e-05,
            0.0009508777135957351,
            0.00011452416567281842,
            0.0029293679892646095,
            0.0001322000506773279,
            0.00017386166138650614,
            0.0004666516472504375,
            0.0007178817652452236,
            0.002318455682525805
        ],
        [
            0.00010353384139420324,
            0.00035747897791313973,
            0.0005223531301125786,
            8.973639435622336e-05,
            0.0006293953092918034,
            0.0001708230891368378,
            0.0033342949958712295,
            0.00039100890328508544,
            0.010326333371704305,
            0.0004372710475605106,
            0.0006064304711115704,
            0.0016515305789393843,
            0.002369506211085411,
            0.008134718898634565
        ],
        [
            0.00015296773721930993,
            0.0005223531301125786,
            0.0007632605569173444,
            0.00013293994046469608,
            0.0009094722632108576,
            0.0002501411644252466,
            0.004845074316755476,
            0.0005766017943630975,
            0.014962150095233152,
            0.0006432928219470866,
            0.0008799471409308252,
            0.0023706870965765014,
            0.003492727886767717,
            0.011879218495753442
        ],
        [
            2.6647956617742768e-05,
            8.973639435622336e-05,
            0.00013293994046469608,
            2.3642312873629496e-05,
            0.00016392154976145932,
            4.389473107174768e-05,
            0.0008572183878851652,
            0.00010473090588873757,
            0.0026820985228602984,
            0.00011218394499690036,
            0.00015358010332104272,
            0.00041767444790359007,
            0.0006133044675132341,
            0.002106125143357308
        ],
        [
            0.00017558353619660674,
            0.0006293953092918034,
            0.0009094722632108576,
            0.00016392154976145932,
            0.0011859914380151183,
            0.0003052011880666254,
            0.0063657995560567355,
            0.0007015796528623447,
            0.019874157278019586,
            0.0008255357831543277,
            0.0011474179255987946,
            0.003085735581698915,
            0.004482272502413576,
            0.014658583915112797
        ],
        [
            4.9882659239429655e-05,
            0.0001708230891368378,
            0.0002501411644252466,
            4.389473107174768e-05,
            0.0003052011880666254,
            7.776844374058417e-05,
            0.0016345650330541386,
            0.00018791810630008088,
            0.005058312934059081,
            0.0002135516679397606,
            0.0002938426363101503,
            0.0008085928830904912,
            0.0011389999255997673,
            0.003903894896291075
        ],
        [
            0.0009508777135957351,
            0.0033342949958712295,
            0.004845074316755476,
            0.0008572183878851652,
            0.0063657995560567355,
            0.0016345650330541386,
            0.033987448563213445,
            0.0038048006938303514,
            0.10606651827832889,
            0.004422806285490655,
            0.006124429902516946,
            0.01648718638504159,
            0.023753465637771226,
            0.07748581023883207
        ],
        [
            0.00011452416567281842,
            0.00039100890328508544,
            0.0005766017943630975,
            0.00010473090588873757,
            0.0007015796528623447,
            0.00018791810630008088,
            0.0038048006938303514,
            0.00045245733673743613,
            0.011833450946332284,
            0.00048794426639088274,
            0.0006882716833225398,
            0.0018362105059744275,
            0.0026891241994906412,
            0.008995147760293875
        ],
        [
            0.0029293679892646095,
            0.010326333371704305,
            0.014962150095233152,
            0.0026820985228602984,
            0.019874157278019586,
            0.005058312934059081,
            0.10606651827832889,
            0.011833450946332284,
            0.3326735182180119,
            0.013907974182802416,
            0.019113817343025155,
            0.051498631693534046,
            0.0750245555855217,
            0.2442992461996205
        ],
        [
            0.0001322000506773279,
            0.0004372710475605106,
            0.0006432928219470866,
            0.00011218394499690036,
            0.0008255357831543277,
            0.0002135516679397606,
            0.004422806285490655,
            0.00048794426639088274,
            0.013907974182802416,
            0.0005895362868538207,
            0.0008030096087956904,
            0.0021533283675436972,
            0.003128606461082487,
            0.010256967321845252
        ],
        [
            0.00017386166138650614,
            0.0006064304711115704,
            0.0008799471409308252,
            0.00015358010332104272,
            0.0011474179255987946,
            0.0002938426363101503,
            0.006124429902516946,
            0.0006882716833225398,
            0.019113817343025155,
            0.0008030096087956904,
            0.0011157237381091856,
            0.0029875529056042783,
            0.004367865241788785,
            0.014141811892123412
        ],
        [
            0.0004666516472504375,
            0.0016515305789393843,
            0.0023706870965765014,
            0.00041767444790359007,
            0.003085735581698915,
            0.0008085928830904912,
            0.01648718638504159,
            0.0018362105059744275,
            0.051498631693534046,
            0.0021533283675436972,
            0.0029875529056042783,
            0.008045188784803037,
            0.011628593808184703,
            0.03844116932013063
        ],
        [
            0.0007178817652452236,
            0.002369506211085411,
            0.003492727886767717,
            0.0006133044675132341,
            0.004482272502413576,
            0.0011389999255997673,
            0.023753465637771226,
            0.0026891241994906412,
            0.0750245555855217,
            0.003128606461082487,
            0.004367865241788785,
            0.011628593808184703,
            0.01685196180804379,
            0.055877560697548886
        ],
        [
            0.002318455682525805,
            0.008134718898634565,
            0.011879218495753442,
            0.002106125143357308,
            0.014658583915112797,
            0.003903894896291075,
            0.07748581023883207,
            0.008995147760293875,
            0.2442992461996205,
            0.010256967321845252,
            0.014141811892123412,
            0.03844116932013063,
            0.055877560697548886,
            0.19041397747228778
        ]
    ]
}
{
    "vector": [
        1.0,
        4.0,
        5.0,
        1.0,
        13965.0,
        22761.0,
        1050959.0,
        41067.0,
        1.0,
        0.17453301217439934,
        0.8254669878256006,
        0.5624165567052408,
        0.4375834432947591,
        0.7656385870511737,
        0.23436141294882637,
        0.8942122029386437,
        0.10578779706135617,
        0.7707818669301026,
        0.2292181330698973,
        0.6803262798778799,
        0.3196737201221201,
        0.35068034826119393,
        0.6493196517388059,
        0.12486747645312862,
        0.06041308423673116,
        0.013627887934592534,
        0.017768420790663465,
        0.1588038632477809,
        0.04625852518251457,
        0.06569509395739555,
        0.025449955397727216,
        0.08963401463837738,
        0.08738929127030648,
        0.022324661137027326,
        0.02964968333609655,
        0.09050656579793774,
        0.010419715267935906,
        0.15069461940063344,
        0.006497141951151053,
        0.10147367921760461,
        0.006164211159218156,
        0.009775684296428699,
        0.0340606473246362,
        0.03972832212761325,
        0.0720791625379417,
        0.056185479935394654,
        0.0011624373454270634,
        0.049927985612645165,
        0.11400207748229806,
        0.10945497577152254,
        0.07757107042911275,
        0.13461673177792946,
        0.054965158267376774,
        0.1232190279288025,
        0.015613348786048403,
        0.04293167405418275,
        0.11647881875931225,
        0.039028409999864316,
        0.0686632570551915,
        0.0469899704681551,
        0.06473936921594274,
        0.05142935544192304,
        0.10449772046213897,
        0.16107984741556397,
        0.031066535636690366,
        0.05772098914562166,
        0.03522801464870177,
        0.038016307961283635,
        0.07165552198587247,
        0.013063396104308166,
        0.05741081164524737,
        0.0,
        4.0,
        5.0,
        9.0,
        10.0,
        14.0,
        15.0,
        19.0,
        20.0,
        24.0,
        25.0,
        29.0,
        30.0,
        34.0,
        35.0,
        39.0,
        40.0,
        44.0,
        45.0,
        49.0,
        50.0,
        54.0,
        55.0,
        59.0,
        60.0,
        64.0,
        65.0,
        100.0,
        0.106169392394575,
        0.09974749364671479,
        0.06430727574968445,
        0.12880554769978322,
        0.002324837045555292,
        0.10867850066145072,
        0.024407604336667152,
        0.15128343408553024,
        0.013658154326301903,
        0.03177264648548006,
        0.021031973164827394,
        0.008853292596726821,
        0.15078231848207063,
        0.08817752932463248,
        0.17045859128418647,
        0.8295414087158134,
        0.24813826658224394,
        0.23358609215835238,
        0.15154327055293376,
        0.03954280335069291,
        0.030738454406301463,
        0.0701405755166971,
        0.13344823201312003,
        0.0651400356586516,
        0.02772226976100688,
        0.06672999553040185,
        0.21163085479597504,
        0.44486294948277016,
        0.2767762001908529
    ],
    "matrix": [
        [
            0.00032132235287209523,
            0.0003760853146229033,
            0.00032967097551498846,
            0.0003526520085233256,
            0.0003523231082392678,
            0.00048321032466223034,
            0.00028875571906136695,
            0.00025375762698245604,
            0.0004884038230783842,
            0.000338885909959847,
            0.00030756302299114627,
            0.0003273485984399094,
            0.00027167436541003303,
            0.00035219849366336254
        ],
        [
            0.0003760853146229033,
            0.0005032738427446254,
            0.0005104226528416342,
            0.0004551977723621825,
            0.0005969356675917737,
            0.0006304236153680162,
            0.0004857300693556825,
            0.0003493677614710991,
            0.0008309001244990391,
            0.000483063976018319,
            0.0005089556250528401,
            0.0005400411972084692,
            0.00039263018959689796,
            0.0005447323735121941
        ],
        [
            0.00032967097551498846,
            0.0005104226528416342,
            0.0006196527805901805,
            0.00041995181001947956,
            0.0008026329943260715,
            0.0006295273739694374,
            0.000637053726133874,
            0.0003450132212554483,
            0.001129432088378828,
            0.0005634102809842707,
            0.000657849958473666,
            0.000712995698346029,
            0.0004076223146321064,
            0.0006388255540897081
        ],
        [
            0.0003526520085233256,
            0.0004551977723621825,
            0.00041995181001947956,
            0.0004425957501381514,
            0.00047049642107237265,
            0.0005867899352229483,
            0.0003941942339296987,
            0.0003406103339138343,
            0.0006515548468287328,
            0.0004100873388953476,
            0.00041966673436888327,
            0.00043431789879513574,
            0.00037031417666842485,
            0.00047241845425994726
        ],
        [
            0.0003523231082392678,
            0.0005969356675917737,
            0.0008026329943260715,
            0.00047049642107237265,
            0.00112892896648933,
            0.0007530868397741463,
            0.0008829764779874638,
            0.00040919432852473653,
            0.0016018128641714954,
            0.0007350210505383114,
            0.0009094397447257544,
            0.0009953259466477383,
            0.000506172788898102,
            0.0008383849274616209
        ],
        [
            0.00048321032466223034,
            0.0006304236153680162,
            0.0006295273739694374,
            0.0005867899352229483,
            0.0007530868397741463,
            0.0008568297937827024,
            0.0006062127472561969,
            0.00045411165290449375,
            0.0010505420140435732,
            0.0006358181240520512,
            0.0006388032451908545,
            0.000688268719376499,
            0.0005022876232052717,
            0.0006830217809231027
        ],
        [
            0.00028875571906136695,
            0.0004857300693556825,
            0.000637053726133874,
            0.0003941942339296987,
            0.0008829764779874638,
            0.0006062127472561969,
            0.0007060523893111506,
            0.0003384706693408134,
            0.0012470894319079532,
            0.0005874379369979672,
            0.0007151493636685518,
            0.000775071681657881,
            0.00040691802503388125,
            0.0006661518855917638
        ],
        [
            0.00025375762698245604,
            0.0003493677614710991,
            0.0003450132212554483,
            0.0003406103339138343,
            0.00040919432852473653,
            0.00045411165290449375,
            0.0003384706693408134,
            0.000274523513932662,
            0.0005697444458960572,
            0.0003265875570263083,
            0.00036112513234284383,
            0.00037530215164816234,
            0.0003041920531371016,
            0.00039608375770847705
        ],
        [
            0.0004884038230783842,
            0.0008309001244990391,
            0.001129432088378828,
            0.0006515548468287328,
            0.0016018128641714954,
            0.0010505420140435732,
            0.0012470894319079532,
            0.0005697444458960572,
            0.002279910451231049,
            0.001030739165749541,
            0.0012868098201048853,
            0.0014167209882673857,
            0.0007132279288584601,
            0.0011853472912728145
        ],
        [
            0.000338885909959847,
            0.000483063976018319,
            0.0005634102809842707,
            0.0004100873388953476,
            0.0007350210505383114,
            0.0006358181240520512,
            0.0005874379369979672,
            0.0003265875570263083,
            0.001030739165749541,
            0.000559963341010262,
            0.0005922825613676377,
            0.0006503959417445292,
            0.0003708055813886408,
            0.0005776309904842196
        ],
        [
            0.00030756302299114627,
            0.0005089556250528401,
            0.000657849958473666,
            0.00041966673436888327,
            0.0009094397447257544,
            0.0006388032451908545,
            0.0007151493636685518,
            0.00036112513234284383,
            0.0012868098201048853,
            0.0005922825613676377,
            0.0007440565953944166,
            0.0008068889296484815,
            0.0004437443921221933,
            0.0007031783123468607
        ],
        [
            0.0003273485984399094,
            0.0005400411972084692,
            0.000712995698346029,
            0.00043431789879513574,
            0.0009953259466477383,
            0.000688268719376499,
            0.000775071681657881,
            0.00037530215164816234,
            0.0014167209882673857,
            0.0006503959417445292,
            0.0008068889296484815,
            0.0008860788894664729,
            0.0004677048317470771,
            0.0007546955069615013
        ],
        [
            0.00027167436541003303,
            0.00039263018959689796,
            0.0004076223146321064,
            0.00037031417666842485,
            0.000506172788898102,
            0.0005022876232052717,
            0.00040691802503388125,
            0.0003041920531371016,
            0.0007132279288584601,
            0.0003708055813886408,
            0.0004437443921221933,
            0.0004677048317470771,
            0.00035548359602975417,
            0.00047319935296039897
        ],
        [
            0.00035219849366336254,
            0.0005447323735121941,
            0.0006388255540897081,
            0.00047241845425994726,
            0.0008383849274616209,
            0.0006830217809231027,
            0.0006661518855917638,
            0.00039608375770847705,
            0.0011853472912728145,
            0.0005776309904842196,
            0.0007031783123468607,
            0.0007546955069615013,
            0.00047319935296039897,
            0.0007015588832172345
        ]
    ]
}{
    "vector": [
        1.0,
        2.0,
        1.0,
        2.0,
        21794.0,
        23501.0,
        582940.0,
        36538.0,
        2.0,
        0.6386151911094347,
        0.3613848088905653,
        0.7637959520835127,
        0.23620404791648736,
        0.27742102810971714,
        0.7225789718902828,
        0.4445101633519675,
        0.5554898366480326,
        0.41422943513840343,
        0.5857705648615966,
        0.720147929119127,
        0.27985207088087305,
        0.45189030593634744,
        0.5481096940636524,
        0.02156837652961259,
        0.015866753586839075,
        0.08504279849240154,
        0.025365266382200692,
        0.08897930139367519,
        0.06969630779328266,
        0.04078530115851803,
        0.07337007698956674,
        0.09117257784332818,
        0.030906739723973207,
        0.014128567920631442,
        0.045273075552589706,
        0.11962896632454863,
        0.09652279296631147,
        0.08290715030574271,
        0.09878594703677816,
        0.10294461511714764,
        0.0921082535564108,
        0.0070686710296602746,
        0.07167383095288764,
        0.03196257090110914,
        0.07399238512341433,
        0.03176047136826802,
        0.08046333909959337,
        0.07577335485794183,
        0.05691659115893604,
        0.12595435043200293,
        0.05026306185431147,
        0.015105988859284774,
        0.02297427856769596,
        0.05402996194036607,
        0.10700827518096984,
        0.03596821567491922,
        0.08000635361904317,
        0.07257303459603076,
        0.08592796628847656,
        0.14596690515934266,
        0.0005138612921700718,
        0.003191241074359751,
        0.14299047167111464,
        0.09085201615540024,
        0.03732089679315954,
        0.06853334810876682,
        0.09691773800390704,
        0.021399761141674682,
        0.10338727686655043,
        0.011327526948849394,
        0.0031233866062349894,
        0.0,
        4.0,
        5.0,
        9.0,
        10.0,
        14.0,
        15.0,
        19.0,
        20.0,
        24.0,
        25.0,
        29.0,
        30.0,
        34.0,
        35.0,
        39.0,
        40.0,
        44.0,
        45.0,
        49.0,
        50.0,
        54.0,
        55.0,
        59.0,
        60.0,
        64.0,
        65.0,
        100.0,
        0.09378174753994098,
        0.06512854303194733,
        0.06695395280233145,
        0.038008924439684684,
        0.08344343474528158,
        0.09807668639335969,
        0.01599840833734271,
        0.02737545886254819,
        0.14546960594158298,
        0.06804129786725938,
        0.04661063346893734,
        0.096997234662647,
        0.08007406866117954,
        0.07404000324595726,
        0.22304558448905928,
        0.7769544155109407,
        0.022599382054930194,
        0.2259586630648713,
        0.09264683417002478,
        0.04766465811822558,
        0.014777181426692198,
        0.20526176279466296,
        0.007694003015979686,
        0.3212672776906357,
        0.06213023766397759,
        0.4429285877043507,
        0.25484772233670394,
        0.1754828031228404,
        0.1267408868361051
    ],
    "matrix": [
        [
            0.00031644632345385415,
            0.00038452636096232936,
            0.00033305072048137784,
            0.00037020224660931893,
            0.0003692976945174376,
            0.0004747785171741615,
            0.00029031365179260816,
            0.0002551441383989007,
            0.0005041047593897529,
            0.0003472681014071578,
            0.0003329398934807809,
            0.0003205666384534733,
            0.0002819290356692316,
            0.0003511568177392993
        ],
        [
            0.00038452636096232936,
            0.0005429226766341984,
            0.000531631858527404,
            0.0005064502804597901,
            0.0006547854465948448,
            0.0006478624448352841,
            0.0005084677017160551,
            0.0003628400133393324,
            0.0008987977728373605,
            0.0005191172691101591,
            0.0005782955824747717,
            0.0005514176226229981,
            0.0004256142824567343,
            0.0005597480445982722
        ],
        [
            0.00033305072048137784,
            0.000531631858527404,
            0.0006149475193469126,
            0.0004662829242055249,
            0.0008276709424662214,
            0.0006281585509080913,
            0.0006263227015006131,
            0.0003424241943608129,
            0.0011503690713946398,
            0.0005767115610925123,
            0.0007092790523316643,
            0.0006783110953110885,
            0.0004293975264181999,
            0.0006195019336498861
        ],
        [
            0.00037020224660931893,
            0.0005064502804597901,
            0.0004662829242055249,
            0.0005137867878298868,
            0.0005617107036362424,
            0.0006308731702323677,
            0.000447132610312305,
            0.00036842677205268083,
            0.0007674824726886358,
            0.00047562637542840824,
            0.0005119906645721544,
            0.0004785912590064387,
            0.00041828693001958806,
            0.0005170136557802881
        ],
        [
            0.0003692976945174376,
            0.0006547854465948448,
            0.0008276709424662214,
            0.0005617107036362424,
            0.0012302073115538774,
            0.0007777424960087499,
            0.00091334528294282,
            0.0004222564237555102,
            0.0017147124871714104,
            0.0007858835769804342,
            0.0010334678676998375,
            0.0009897898133652565,
            0.0005629053321041054,
            0.0008487280914604272
        ],
        [
            0.0004747785171741615,
            0.0006478624448352841,
            0.0006281585509080913,
            0.0006308731702323677,
            0.0007777424960087499,
            0.0008307817790089258,
            0.0006017120075967149,
            0.0004504491917343132,
            0.0010712679522263944,
            0.0006499749084748731,
            0.0006882443444932109,
            0.0006593712546488688,
            0.0005207254625705067,
            0.0006718668111904841
        ],
        [
            0.00029031365179260816,
            0.0005084677017160551,
            0.0006263227015006131,
            0.000447132610312305,
            0.00091334528294282,
            0.0006017120075967149,
            0.0006890512535842581,
            0.00033392139782690644,
            0.001271163864831453,
            0.0005987427749261514,
            0.0007729169264643069,
            0.0007344502815257831,
            0.0004323238463302593,
            0.0006429766757387175
        ],
        [
            0.0002551441383989007,
            0.0003628400133393324,
            0.0003424241943608129,
            0.00036842677205268083,
            0.0004222564237555102,
            0.0004504491917343132,
            0.00033392139782690644,
            0.00027447954019822995,
            0.0005816389321251921,
            0.0003362140179638105,
            0.0003887234292068467,
            0.00036054971641924895,
            0.00031710662565630416,
            0.0003915995991201033
        ],
        [
            0.0005041047593897529,
            0.0008987977728373605,
            0.0011503690713946398,
            0.0007674824726886358,
            0.0017147124871714104,
            0.0010712679522263944,
            0.001271163864831453,
            0.0005816389321251921,
            0.0023976858343483023,
            0.0010869138375439091,
            0.0014412034043152495,
            0.001383594589559106,
            0.0007792018600582113,
            0.0011803231656958954
        ],
        [
            0.0003472681014071578,
            0.0005191172691101591,
            0.0005767115610925123,
            0.00047562637542840824,
            0.0007858835769804342,
            0.0006499749084748731,
            0.0005987427749261514,
            0.0003362140179638105,
            0.0010869138375439091,
            0.0005942217063074569,
            0.0006655644287041941,
            0.0006402626116881533,
            0.00040408893546355843,
            0.0005816269364432156
        ],
        [
            0.0003329398934807809,
            0.0005782955824747717,
            0.0007092790523316643,
            0.0005119906645721544,
            0.0010334678676998375,
            0.0006882443444932109,
            0.0007729169264643069,
            0.0003887234292068467,
            0.0014412034043152495,
            0.0006655644287041941,
            0.0008810079410050628,
            0.0008372006558615156,
            0.0005076150721345342,
            0.0007420745646412407
        ],
        [
            0.0003205666384534733,
            0.0005514176226229981,
            0.0006783110953110885,
            0.0004785912590064387,
            0.0009897898133652565,
            0.0006593712546488688,
            0.0007344502815257831,
            0.00036054971641924895,
            0.001383594589559106,
            0.0006402626116881533,
            0.0008372006558615156,
            0.000805019675071054,
            0.00047709225161459475,
            0.0007045730783946937
        ],
        [
            0.0002819290356692316,
            0.0004256142824567343,
            0.0004293975264181999,
            0.00041828693001958806,
            0.0005629053321041054,
            0.0005207254625705067,
            0.0004323238463302593,
            0.00031710662565630416,
            0.0007792018600582113,
            0.00040408893546355843,
            0.0005076150721345342,
            0.00047709225161459475,
            0.0003890994592250832,
            0.0004911007519427773
        ],
        [
            0.0003511568177392993,
            0.0005597480445982722,
            0.0006195019336498861,
            0.0005170136557802881,
            0.0008487280914604272,
            0.0006718668111904841,
            0.0006429766757387175,
            0.0003915995991201033,
            0.0011803231656958954,
            0.0005816269364432156,
            0.0007420745646412407,
            0.0007045730783946937,
            0.0004911007519427773,
            0.0006733998516428705
        ]
    ]
}