[
    {
        "vector": [
            1.0,
            6.0,
            8.0,
            9.0,
            446.0,
            638.0,
            432661.0,
            945.0,
            2.0,
            0.09279302603875977,
            0.9072069739612401,
            0.4843416695342849,
            0.5156583304657151,
            0.6966950875111337,
            0.3033049124888662,
            0.5703991467581662,
            0.4296008532418337,
            0.4372588906468702,
            0.5627411093531298,
            0.9463152505956589,
            0.05368474940434116,
            0.6148038685987105,
            0.3851961314012896,
            0.055562590288084024,
            0.12039132164624648,
            0.016724230530997197,
            0.03064052820685854,
            0.21671577705736134,
            0.09119686865770989,
            0.06135941864863331,
            0.12485976457046556,
            0.10091246395356637,
            0.0587392196676135,
            0.008074015630112705,
            0.05588864370851938,
            0.004012683981683133,
            0.03331847300799617,
            0.0019475997889434281,
            0.01965640065520894,
            0.081226380668019,
            0.017472937376366317,
            0.04458185707950066,
            0.12335503771232668,
            0.0013725256904109943,
            0.11572683819893431,
            0.0730569150030977,
            0.06876938239324046,
            0.0532335222135502,
            0.058394678138555804,
            0.06268586920921579,
            0.05921910740399188,
            0.04895674786069619,
            0.1329802040443578,
            0.03766613917430635,
            0.02130185783342954,
            0.061932189386838886,
            0.04903816134823709,
            0.0008527386679893791,
            0.04594653309402996,
            0.18290975334778195,
            0.009733300406269524,
            0.07639931684933131,
            0.012724555797832876,
            0.20508718708167956,
            0.07384834431677811,
            0.015672586320767075,
            0.08098546768385391,
            0.019429472118044987,
            0.1530603759866968,
            0.00491715089355463,
            0.007462866700313895,
            0.0,
            4.0,
            5.0,
            9.0,
            10.0,
            14.0,
            15.0,
            19.0,
            20.0,
            24.0,
            25.0,
            29.0,
            30.0,
            34.0,
            35.0,
            39.0,
            40.0,
            44.0,
            45.0,
            49.0,
            50.0,
            54.0,
            55.0,
            59.0,
            60.0,
            64.0,
            65.0,
            100.0,
            0.011214181987944601,
            0.0545759852965348,
            0.052464748049016775,
            0.01486628734340239,
            0.10209293672222176,
            0.0703083695566746,
            0.1169140504944957,
            0.0059638222938976455,
            0.1977669622882175,
            0.09352083116619928,
            0.01290029245396567,
            0.12199572990165687,
            0.0613692903404617,
            0.0840465121053108,
            0.11617575559810497,
            0.8838242444018951,
            0.17374894500657562,
            0.0558584822787951,
            0.19026241830875423,
            0.054371010788271126,
            0.18063381546709378,
            0.13428359076215787,
            0.06052319853793541,
            0.10401314050003434,
            0.04630539835038252,
            0.07092168354335146,
            0.39785005866471795,
            0.031683561344061126,
            0.49954469644786936
        ],
        "matrix": [
            [
                0.024505952380952382,
                0.019195755225166988,
                0.011712311867752283,
                0.02859073359073359,
                0.05720041862899006,
                0.11988520408163265,
                0.0375408670931059,
                0.024644016697588127,
                0.05245476190476191,
                0.040144238582805136,
                0.08514987244897959,
                0.06198913546000925,
                0.04036062960749153,
                0.2387828947368421
            ],
            [
                0.019195755225166988,
                0.054952464800748,
                0.020934830687954733,
                0.04982403217697336,
                0.10468400377902641,
                0.19960317460317462,
                0.060388104725242565,
                0.0381300072476543,
                0.10072096530920059,
                0.06460086791345575,
                0.11882406808877398,
                0.11263014541141327,
                0.06515458452450823,
                0.37712153687385885
            ],
            [
                0.011712311867752283,
                0.020934830687954733,
                0.017704278414633057,
                0.028728469402044533,
                0.06156882840820665,
                0.12996340159552594,
                0.03801355914726883,
                0.020197160352600767,
                0.061421416234887734,
                0.04001249653692667,
                0.06363804589193191,
                0.06744051511645455,
                0.040627326005737784,
                0.214154395054995
            ],
            [
                0.02859073359073359,
                0.04982403217697336,
                0.028728469402044533,
                0.20786732678624573,
                0.15032505032505034,
                0.2921492921492922,
                0.09253372775760836,
                0.0700928200928201,
                0.1279951951951952,
                0.1133833492195267,
                0.20829043329043329,
                0.13963672410274353,
                0.10275673162702452,
                0.6312193772720088
            ],
            [
                0.05720041862899006,
                0.10468400377902641,
                0.06156882840820665,
                0.15032505032505034,
                0.4150605804451958,
                0.6524638060352346,
                0.17663714395057678,
                0.11020764949336377,
                0.33648058608058606,
                0.21434259710710224,
                0.37023809523809526,
                0.34715228137558235,
                0.21278909375143684,
                1.0861697513013302
            ],
            [
                0.11988520408163265,
                0.19960317460317462,
                0.12996340159552594,
                0.2921492921492922,
                0.6524638060352346,
                1.6548658352229781,
                0.3530656242596541,
                0.23257446918161204,
                0.6388444444444444,
                0.42721301262256894,
                0.7409970238095238,
                0.6821101094159346,
                0.4357159460715946,
                2.2350563909774435
            ],
            [
                0.0375408670931059,
                0.060388104725242565,
                0.03801355914726883,
                0.09253372775760836,
                0.17663714395057678,
                0.3530656242596541,
                0.14935531298730229,
                0.06027557020094333,
                0.17940417910447762,
                0.12385716468850289,
                0.21066364605543708,
                0.1956827512920833,
                0.11977601532088511,
                0.6523383084577115
            ],
            [
                0.024644016697588127,
                0.0381300072476543,
                0.020197160352600767,
                0.0700928200928201,
                0.11020764949336377,
                0.23257446918161204,
                0.06027557020094333,
                0.07563529544049025,
                0.09092380952380953,
                0.08028751680628814,
                0.183204816017316,
                0.11844817803555667,
                0.07973111268090348,
                0.4550338915470495
            ],
            [
                0.05245476190476191,
                0.10072096530920059,
                0.061421416234887734,
                0.1279951951951952,
                0.33648058608058606,
                0.6388444444444444,
                0.17940417910447762,
                0.09092380952380953,
                0.41217173333333335,
                0.209859385665529,
                0.3187857142857143,
                0.340926213592233,
                0.19781757322175733,
                0.9849561403508772
            ],
            [
                0.040144238582805136,
                0.06460086791345575,
                0.04001249653692667,
                0.1133833492195267,
                0.21434259710710224,
                0.42721301262256894,
                0.12385716468850289,
                0.08028751680628814,
                0.209859385665529,
                0.18439042194240277,
                0.266844425483504,
                0.2179368655908634,
                0.13641833388074123,
                0.796793605173343
            ],
            [
                0.08514987244897959,
                0.11882406808877398,
                0.06363804589193191,
                0.20829043329043329,
                0.37023809523809526,
                0.7409970238095238,
                0.21066364605543708,
                0.183204816017316,
                0.3187857142857143,
                0.266844425483504,
                0.8193239795918367,
                0.40607518492834027,
                0.26242279338513647,
                1.5620300751879699
            ],
            [
                0.06198913546000925,
                0.11263014541141327,
                0.06744051511645455,
                0.13963672410274353,
                0.34715228137558235,
                0.6821101094159346,
                0.1956827512920833,
                0.11844817803555667,
                0.340926213592233,
                0.2179368655908634,
                0.40607518492834027,
                0.4663933138530179,
                0.21801939039417206,
                1.2101026230625107
            ],
            [
                0.04036062960749153,
                0.06515458452450823,
                0.040627326005737784,
                0.10275673162702452,
                0.21278909375143684,
                0.4357159460715946,
                0.11977601532088511,
                0.07973111268090348,
                0.19781757322175733,
                0.13641833388074123,
                0.26242279338513647,
                0.21801939039417206,
                0.20231088391309676,
                0.7495228657417602
            ],
            [
                0.2387828947368421,
                0.37712153687385885,
                0.214154395054995,
                0.6312193772720088,
                1.0861697513013302,
                2.2350563909774435,
                0.6523383084577115,
                0.4550338915470495,
                0.9849561403508772,
                0.796793605173343,
                1.5620300751879699,
                1.2101026230625107,
                0.7495228657417602,
                5.522807017543859
            ]
        ]
    },
    {
        "vector": [
            1.0,
            5.0,
            8.0,
            6.0,
            444.0,
            628.0,
            25795.0,
            764.0,
            2.0,
            0.6876006815816017,
            0.31239931841839835,
            0.509685387135603,
            0.490314612864397,
            0.4778528104750463,
            0.5221471895249539,
            0.8427998372911913,
            0.15720016270880866,
            0.24417309833207843,
            0.7558269016679217,
            0.23531362163318278,
            0.7646863783668172,
            0.5600373301099594,
            0.4399626698900405,
            0.05001065420670661,
            0.13184370744845803,
            0.012493919113039686,
            0.06446533651620125,
            0.03490362633928048,
            0.08134540794343013,
            0.05008217824809736,
            0.03249127861952882,
            0.018864148105093362,
            0.0891404245907911,
            0.04430938354978895,
            0.12803378321907183,
            0.05054972452780295,
            0.039035022297109305,
            0.09788318755453286,
            0.07454821772106701,
            0.030445263606840252,
            0.1366598158462088,
            0.03288180766134913,
            0.04943964244269085,
            0.039881750942013794,
            0.014111032973607364,
            0.05041760768936148,
            0.03755999942529248,
            0.039508051719623495,
            0.02852044136864608,
            0.13252398866864526,
            0.13320225800021482,
            0.1308159053645878,
            0.06195078677217299,
            0.024359344094531193,
            0.057722303424214326,
            0.08531510465826189,
            0.06699121116992854,
            0.07913732756981243,
            0.01509333002106984,
            0.10531372102097784,
            0.08666741194099074,
            0.08877697391964855,
            0.0014681447445246331,
            0.05560549155698453,
            0.1030601544252399,
            0.1400816230037593,
            0.04456732750361386,
            0.03429697414213641,
            0.049555441780456844,
            0.017258744255545157,
            0.02681101828704964,
            0.0,
            4.0,
            5.0,
            9.0,
            10.0,
            14.0,
            15.0,
            19.0,
            20.0,
            24.0,
            25.0,
            29.0,
            30.0,
            34.0,
            35.0,
            39.0,
            40.0,
            44.0,
            45.0,
            49.0,
            50.0,
            54.0,
            55.0,
            59.0,
            60.0,
            64.0,
            65.0,
            100.0,
            0.03847473981649285,
            0.021389952058613677,
            0.08201064286776479,
            0.09550690330613038,
            0.0011366833878296572,
            0.03722162824535235,
            0.042278185092403164,
            0.15597740503080793,
            0.11493011247226773,
            0.03399894551900826,
            0.03965178902664455,
            0.15497232956857568,
            0.0894281564709182,
            0.09302252713719077,
            0.021347569382647306,
            0.9786524306173526,
            0.1597928128420263,
            0.022967971465549727,
            0.1429360394410995,
            0.03679441979994266,
            0.12118370846743755,
            0.014818815327956012,
            0.13744571718353266,
            0.2121703689415466,
            0.15189014653090888,
            0.21555178242866965,
            0.575744502935626,
            0.08372841562362726,
            0.12497529901207717
        ],
        "matrix": [
            [
                0.022842605034488934,
                0.017285569722728194,
                0.0143572044866264,
                0.04149573228559816,
                0.03364738395829407,
                0.11064124010259842,
                0.031850599966199086,
                0.034935387174963785,
                0.05945691467002943,
                0.040394423427210314,
                0.0823692154839696,
                0.07192785032879503,
                0.0448806332980116,
                0.18813054594675893
            ],
            [
                0.017285569722728194,
                0.04521810699588478,
                0.02268666836172557,
                0.055870829507193145,
                0.0661033063715056,
                0.17809775762156713,
                0.05039391625302279,
                0.043196267133275006,
                0.10833950617283951,
                0.06205088635644192,
                0.10683501683501682,
                0.10133866917765223,
                0.064511571140215,
                0.2590134783101144
            ],
            [
                0.0143572044866264,
                0.02268666836172557,
                0.024547090540000382,
                0.04838524626334071,
                0.04666088008627266,
                0.13901835333675805,
                0.03608424355375216,
                0.040680612863895446,
                0.08062841049111072,
                0.04589445324571183,
                0.07960933041024573,
                0.08703764754554034,
                0.052702056016218427,
                0.1891797703272941
            ],
            [
                0.04149573228559816,
                0.055870829507193145,
                0.04838524626334071,
                0.24178220977619927,
                0.11629566300412696,
                0.34637656715578796,
                0.09395501405810684,
                0.12409492201904514,
                0.1839542275905912,
                0.13144822349367805,
                0.25372286116087767,
                0.23741770556100292,
                0.14934795588096658,
                0.5729168246265828
            ],
            [
                0.03364738395829407,
                0.0661033063715056,
                0.04666088008627266,
                0.11629566300412696,
                0.19930515797869477,
                0.40525321239606954,
                0.10988992903319246,
                0.0846964531732384,
                0.2377173592690834,
                0.14526762615843078,
                0.2253686288169047,
                0.23173420351970905,
                0.142561756721977,
                0.5744021465312197
            ],
            [
                0.11064124010259842,
                0.17809775762156713,
                0.13901835333675805,
                0.34637656715578796,
                0.40525321239606954,
                1.517048452033875,
                0.3040842625710078,
                0.2602960344242684,
                0.6589952904238618,
                0.370572780394209,
                0.6482446125303268,
                0.6316585956416465,
                0.3894299164532733,
                1.6315920863758349
            ],
            [
                0.031850599966199086,
                0.05039391625302279,
                0.03608424355375216,
                0.09395501405810684,
                0.10988992903319246,
                0.3040842625710078,
                0.1212593438906012,
                0.07023725771391978,
                0.17970228654507006,
                0.10610929377037624,
                0.18006031768918365,
                0.1778954802259887,
                0.10897064011602839,
                0.45265456035814494
            ],
            [
                0.034935387174963785,
                0.043196267133275006,
                0.040680612863895446,
                0.12409492201904514,
                0.0846964531732384,
                0.2602960344242684,
                0.07023725771391978,
                0.12100954572279514,
                0.14625984251968502,
                0.0976644345738834,
                0.19191001474466043,
                0.1977567952311046,
                0.11648786297150118,
                0.4408373265268447
            ],
            [
                0.05945691467002943,
                0.10833950617283951,
                0.08062841049111072,
                0.1839542275905912,
                0.2377173592690834,
                0.6589952904238618,
                0.17970228654507006,
                0.14625984251968502,
                0.5006321499013807,
                0.21315376397107164,
                0.3630491303568226,
                0.39548946110386785,
                0.25129131324948817,
                0.8659127264173135
            ],
            [
                0.040394423427210314,
                0.06205088635644192,
                0.04589445324571183,
                0.13144822349367805,
                0.14526762615843078,
                0.370572780394209,
                0.10610929377037624,
                0.0976644345738834,
                0.21315376397107164,
                0.17765107933377164,
                0.24408508158508158,
                0.2267741380559177,
                0.14254411621331772,
                0.5695316788206697
            ],
            [
                0.0823692154839696,
                0.10683501683501682,
                0.07960933041024573,
                0.25372286116087767,
                0.2253686288169047,
                0.6482446125303268,
                0.18006031768918365,
                0.19191001474466043,
                0.3630491303568226,
                0.24408508158508158,
                0.7273770518525763,
                0.42275492868713205,
                0.2677967153252324,
                1.1184020872094265
            ],
            [
                0.07192785032879503,
                0.10133866917765223,
                0.08703764754554034,
                0.23741770556100292,
                0.23173420351970905,
                0.6316585956416465,
                0.1778954802259887,
                0.1977567952311046,
                0.39548946110386785,
                0.2267741380559177,
                0.42275492868713205,
                0.5272299626544096,
                0.2603649760477756,
                1.0054618255325767
            ],
            [
                0.0448806332980116,
                0.064511571140215,
                0.052702056016218427,
                0.14934795588096658,
                0.142561756721977,
                0.3894299164532733,
                0.10897064011602839,
                0.11648786297150118,
                0.25129131324948817,
                0.14254411621331772,
                0.2677967153252324,
                0.2603649760477756,
                0.20933848014765769,
                0.6305938303042988
            ],
            [
                0.18813054594675893,
                0.2590134783101144,
                0.1891797703272941,
                0.5729168246265828,
                0.5744021465312197,
                1.6315920863758349,
                0.45265456035814494,
                0.4408373265268447,
                0.8659127264173135,
                0.5695316788206697,
                1.1184020872094265,
                1.0054618255325767,
                0.6305938303042988,
                3.329669219762646
            ]
        ]
    },
    {
        "vector": [
            1.0,
            5.0,
            6.0,
            3.0,
            479.0,
            744.0,
            436031.0,
            887.0,
            2.0,
            0.6686914911004809,
            0.33130850889951896,
            0.9447010910385517,
            0.05529890896144837,
            0.3675065147711272,
            0.6324934852288727,
            0.23847606589245063,
            0.7615239341075493,
            0.6696160939569614,
            0.3303839060430387,
            0.6580528918890031,
            0.34194710811099704,
            0.8962014199118198,
            0.10379858008818034,
            0.08294878010802406,
            0.10982376673501837,
            0.03593043403448446,
            0.02235237338978638,
            0.08724943917714548,
            0.04184972344992827,
            0.054853036906075375,
            0.10294996571981027,
            0.054494937648885605,
            0.004312305349896058,
            0.059224684202607535,
            0.11755053348849136,
            0.009905132129419179,
            0.08042453779713873,
            0.07705193035665095,
            0.05907841950663798,
            0.0412891184785394,
            0.06968151244057984,
            0.04969157533170287,
            0.013625724206125978,
            0.12005036775024154,
            0.10265728471817086,
            0.017326635526103744,
            0.08268585429123236,
            0.1633963460970714,
            0.02293370818117275,
            0.05671077359615542,
            0.018608114355870765,
            0.07939717725293442,
            0.054783907591924426,
            0.04792419405186978,
            0.05923770613030432,
            0.005079771255024022,
            0.10062354717148245,
            0.0029738125020441087,
            0.01329627352381712,
            0.09060464990241011,
            0.09981462655357856,
            0.013600656844941036,
            0.15257135141705389,
            0.06112884204094139,
            0.13272476794213695,
            0.0002507318924318899,
            0.011215666137362643,
            0.11530498162740803,
            0.12594619378539273,
            0.028044281950602,
            0.04681984545337324,
            0.0,
            4.0,
            5.0,
            9.0,
            10.0,
            14.0,
            15.0,
            19.0,
            20.0,
            24.0,
            25.0,
            29.0,
            30.0,
            34.0,
            35.0,
            39.0,
            40.0,
            44.0,
            45.0,
            49.0,
            50.0,
            54.0,
            55.0,
            59.0,
            60.0,
            64.0,
            65.0,
            100.0,
            0.0630062570182086,
            0.05967149597526498,
            0.12930783432524662,
            0.002656010406942141,
            0.10958105069010265,
            0.08417409192144094,
            0.19895044459098973,
            0.04454768118844141,
            0.0329722083641575,
            0.03795067436921646,
            0.020445994579111646,
            0.034693609399448704,
            0.10013287840805747,
            0.08190976876337125,
            0.9606005439142707,
            0.03939945608572939,
            0.261341882758801,
            0.09159173075268137,
            0.11874182218781816,
            0.07774620781274928,
            0.11698262694256978,
            0.17126121404719685,
            0.05231793092344464,
            0.04823876181320574,
            0.0617778227615331,
            0.2780969063775709,
            0.40592032373171966,
            0.3030727407214593,
            0.012910029169249994
        ],
        "matrix": [
            [
                0.014165433799272183,
                0.017061561124061122,
                0.022114791559236003,
                0.011752863278453828,
                0.045744909976130635,
                0.0786748790425261,
                0.05877126486882585,
                0.02819621448126121,
                0.02679247015610652,
                0.029657172880714996,
                0.029928461997870737,
                0.0459914490993726,
                0.0349722810970448,
                0.1889097527986417
            ],
            [
                0.017061561124061122,
                0.034374260355029586,
                0.0351496688996689,
                0.01762795275590551,
                0.07768914770675335,
                0.1300767614738203,
                0.0973810554673594,
                0.0431817637191469,
                0.04608251748251748,
                0.05056944675195215,
                0.0449579790389559,
                0.07382969034608379,
                0.05791987785371529,
                0.3069767696690774
            ],
            [
                0.022114791559236003,
                0.0351496688996689,
                0.053348543738934134,
                0.023819685827559844,
                0.09786488366300573,
                0.17161173778820837,
                0.12330407330407331,
                0.056077666451498226,
                0.05775029575029575,
                0.058799296056315495,
                0.05810656414769525,
                0.09058183866927036,
                0.07411125681447042,
                0.3700486811597923
            ],
            [
                0.011752863278453828,
                0.01762795275590551,
                0.023819685827559844,
                0.06279165891665116,
                0.046097802915480636,
                0.08641952844129779,
                0.053851816834340364,
                0.04815046483675522,
                0.04647363397757098,
                0.04741075832043673,
                0.05151171656242199,
                0.09227084319378111,
                0.04380919776332306,
                0.3121497633308657
            ],
            [
                0.045744909976130635,
                0.07768914770675335,
                0.09786488366300573,
                0.046097802915480636,
                0.29664087813264567,
                0.37068259228574063,
                0.2769954519696876,
                0.11923785704883506,
                0.13919775216958316,
                0.14409089526359017,
                0.13196008383922503,
                0.19960427409630827,
                0.16379725528132036,
                0.8776252959351551
            ],
            [
                0.0786748790425261,
                0.1300767614738203,
                0.17161173778820837,
                0.08641952844129779,
                0.37068259228574063,
                0.7658863545418167,
                0.45034527882447534,
                0.20492735411921778,
                0.2264313725490196,
                0.24334476771270064,
                0.23138191009051434,
                0.3435229829636773,
                0.27167082333878734,
                1.5206696353755178
            ],
            [
                0.05877126486882585,
                0.0973810554673594,
                0.12330407330407331,
                0.053851816834340364,
                0.2769954519696876,
                0.45034527882447534,
                0.3955002364282555,
                0.14126784848006638,
                0.15323668201716983,
                0.16873653484831908,
                0.1679753251952136,
                0.2365091570209523,
                0.19406197871779501,
                1.0107235825809935
            ],
            [
                0.02819621448126121,
                0.0431817637191469,
                0.056077666451498226,
                0.04815046483675522,
                0.11923785704883506,
                0.20492735411921778,
                0.14126784848006638,
                0.11663132151279587,
                0.08322752761257433,
                0.08162680069706572,
                0.09098206920853054,
                0.1418002144936418,
                0.10086897632045416,
                0.5524828926698085
            ],
            [
                0.02679247015610652,
                0.04608251748251748,
                0.05775029575029575,
                0.04647363397757098,
                0.13919775216958316,
                0.2264313725490196,
                0.15323668201716983,
                0.08322752761257433,
                0.14141597796143252,
                0.10380064140323321,
                0.0892077588221547,
                0.16556085444610033,
                0.10717855301598213,
                0.5909567469567469
            ],
            [
                0.029657172880714996,
                0.05056944675195215,
                0.058799296056315495,
                0.04741075832043673,
                0.14409089526359017,
                0.24334476771270064,
                0.16873653484831908,
                0.08162680069706572,
                0.10380064140323321,
                0.15066979522847673,
                0.10081285013908399,
                0.1565382966084025,
                0.10692941162060533,
                0.650434734452013
            ],
            [
                0.029928461997870737,
                0.0449579790389559,
                0.05810656414769525,
                0.05151171656242199,
                0.13196008383922503,
                0.23138191009051434,
                0.1679753251952136,
                0.09098206920853054,
                0.0892077588221547,
                0.10081285013908399,
                0.15991435425354047,
                0.15443526673877722,
                0.1090304741448433,
                0.6287156050652194
            ],
            [
                0.0459914490993726,
                0.07382969034608379,
                0.09058183866927036,
                0.09227084319378111,
                0.19960427409630827,
                0.3435229829636773,
                0.2365091570209523,
                0.1418002144936418,
                0.16556085444610033,
                0.1565382966084025,
                0.15443526673877722,
                0.3439607035145869,
                0.16501492660654707,
                0.978852770382825
            ],
            [
                0.0349722810970448,
                0.05791987785371529,
                0.07411125681447042,
                0.04380919776332306,
                0.16379725528132036,
                0.27167082333878734,
                0.19406197871779501,
                0.10086897632045416,
                0.10717855301598213,
                0.10692941162060533,
                0.1090304741448433,
                0.16501492660654707,
                0.16001086331166628,
                0.6708523850300788
            ],
            [
                0.1889097527986417,
                0.3069767696690774,
                0.3700486811597923,
                0.3121497633308657,
                0.8776252959351551,
                1.5206696353755178,
                1.0107235825809935,
                0.5524828926698085,
                0.5909567469567469,
                0.650434734452013,
                0.6287156050652194,
                0.978852770382825,
                0.6708523850300788,
                4.976492073927972
            ]
        ]
    },
    {
        "vector": [
            1.0,
            1.0,
            6.0,
            6.0,
            312.0,
            452.0,
            169963.0,
            556.0,
            2.0,
            0.9483064068401047,
            0.05169359315989533,
            0.46388134266502407,
            0.5361186573349759,
            0.9084444609240855,
            0.0915555390759144,
            0.016685962223277694,
            0.9833140377767223,
            0.0195063340411166,
            0.9804936659588833,
            0.4051016232880585,
            0.5948983767119417,
            0.4415818276279117,
            0.5584181723720884,
            0.14121627455256314,
            0.06969540744519874,
            0.018348694913410228,
            0.10221708176367533,
            0.051900926765192826,
            0.10829859262168634,
            0.007112701824486514,
            0.09500507098125052,
            0.03496736549424013,
            0.059026965036375764,
            0.04925560009033521,
            0.07677452785758575,
            0.14122755944578483,
            0.007419622634159386,
            0.000987586177527225,
            0.03654602239652794,
            0.06857033754451768,
            0.11520182282882713,
            0.09233009983550125,
            0.07599706218304735,
            0.06333889657257033,
            0.056878225188669515,
            0.06511464509147183,
            0.08366286677442167,
            0.07130354715539276,
            0.029227789342133104,
            0.0448238925173233,
            0.07670771131684985,
            0.05994487015898362,
            0.02137193141861935,
            0.02751382837440787,
            0.04801247369726351,
            0.08246776924644991,
            0.09049105465935631,
            3.3501762470703345e-05,
            0.06378769184605662,
            0.06490312363032627,
            0.03533138351599752,
            0.055747276820297294,
            0.09437474937350879,
            0.025224043010524316,
            0.04502591796155219,
            0.036221039158838585,
            0.1345294636496156,
            0.06852507058022564,
            0.05658762735903638,
            0.0571785237695079,
            0.08957176365623593,
            0.0,
            4.0,
            5.0,
            9.0,
            10.0,
            14.0,
            15.0,
            19.0,
            20.0,
            24.0,
            25.0,
            29.0,
            30.0,
            34.0,
            35.0,
            39.0,
            40.0,
            44.0,
            45.0,
            49.0,
            50.0,
            54.0,
            55.0,
            59.0,
            60.0,
            64.0,
            65.0,
            100.0,
            0.04392646975367773,
            0.1113989408628173,
            0.03452092930957631,
            0.16473136787773304,
            0.08276450945987741,
            0.07405489608063846,
            0.07344608076080694,
            0.11656717414759951,
            0.060986925563709916,
            0.07352634075214398,
            0.0014753780297176125,
            0.0015875978037968167,
            0.10964072141242222,
            0.05137266818548288,
            0.18037446151267605,
            0.8196255384873239,
            0.37460812482621136,
            0.13825196298613576,
            0.07061794123591826,
            0.13823903435759263,
            0.04027316413166841,
            0.11703723666584798,
            0.006518592867271515,
            0.0032813073680800914,
            0.11117263556127407,
            0.01857035971346064,
            0.11208891487078701,
            0.43521090798700574,
            0.43412981742874657
        ],
        "matrix": [
            [
                0.011655365742786496,
                0.01561794955577339,
                0.018120200984338072,
                0.018303891474623184,
                0.03245818228636098,
                0.06545319513061448,
                0.045140477504281754,
                0.029026957240464866,
                0.02347914037225631,
                0.024400139180975063,
                0.025980921924874726,
                0.036652649497409144,
                0.030118405442479516,
                0.05939917288916419
            ],
            [
                0.01561794955577339,
                0.03431725236471673,
                0.025930095149912378,
                0.04356132409651935,
                0.05358268407517914,
                0.11482951696473341,
                0.06957668920050329,
                0.05105030930046169,
                0.04401094465720508,
                0.043375824605325006,
                0.03769095709722286,
                0.060095460911247484,
                0.05152369986566877,
                0.09549258873451572
            ],
            [
                0.018120200984338072,
                0.025930095149912378,
                0.040404361220434594,
                0.023993917139571976,
                0.06073689378084386,
                0.12428751924823311,
                0.08744957962773971,
                0.05071406095417903,
                0.044536502403632945,
                0.04208055876837389,
                0.0480408032841932,
                0.07230280881157206,
                0.05538425359263792,
                0.10685999107307403
            ],
            [
                0.018303891474623184,
                0.04356132409651935,
                0.023993917139571976,
                0.11635930993456277,
                0.06358433285765445,
                0.13773406766325727,
                0.06842688761815847,
                0.08815003212420716,
                0.0671102260676757,
                0.06422911143206511,
                0.05356974667896317,
                0.08461924206605058,
                0.07302783936930278,
                0.13119843920964727
            ],
            [
                0.03245818228636098,
                0.05358268407517914,
