{"vector": [1.0, 4.0, 1.0, 6.0, 16580.0, 23262.0, 895719.0, 38681.0, 1.0, 0.11833812487340206, 0.8816618751265979, 0.7008349044230036, 0.2991650955769964, 0.9375904880511519, 0.0624095119488481, 0.4567144594699096, 0.5432855405300905, 0.20730649477616, 0.7926935052238401, 0.8289455925512988, 0.17105440744870112, 0.11798906186614361, 0.8820109381338563, 0.11485217411060825, 9.715864572077251e-07, 0.003603389078880613, 0.04225780134026734, 0.09982108684578697, 0.09746480525064705, 0.05527803886878785, 0.020945646526930796, 0.006790046538339772, 0.08558367588601838, 0.049946838161907106, 0.02659891683763108, 0.06775040854386227, 0.10054185387173782, 0.10561636044198192, 0.12294798611015537, 0.000658768606066441, 0.09515283420067677, 0.11591644943712762, 0.10097864117173398, 0.0003835211968202238, 0.13987063920797033, 0.0462498857378543, 0.051031975783636795, 0.0653434187820087, 0.019865454183066976, 0.12203966223853843, 0.06952452771890798, 0.013707309547868305, 0.014509095653311628, 0.025150076807000318, 0.11961773972741097, 0.05579403659770932, 0.12778923300039338, 0.028347818861020828, 0.017302196247859194, 0.011496125830059016, 0.05660187758742349, 0.07798347948104412, 0.09074377060500875, 0.03640370806465484, 0.054766100552651936, 0.016370531645460637, 0.0656955589943942, 0.07397924342042357, 0.04106359031953106, 0.12903928486271632, 0.11662344392964934, 0.0, 4.0, 5.0, 9.0, 10.0, 14.0, 15.0, 19.0, 20.0, 24.0, 25.0, 29.0, 30.0, 34.0, 35.0, 39.0, 40.0, 44.0, 45.0, 49.0, 50.0, 54.0, 55.0, 59.0, 60.0, 64.0, 65.0, 100.0, 0.15006409652520236, 0.027893114721101415, 0.11917931476006498, 0.10865292130508072, 0.040919670922027834, 0.1011977194661048, 0.01228528585899732, 0.003611888352035341, 0.0689613007321494, 0.07654930569271695, 0.01944155046916647, 0.13062901941920052, 0.02521884548725278, 0.11539596628889918, 0.3638334081303518, 0.6361665918696481, 0.06012725143463129, 0.1660674609707246, 0.04168973042216626, 0.03854776142921142, 0.16145032538042775, 0.18280357241883455, 0.013750704010985939, 0.2585050653924188, 0.07705812854059935, 0.22217745464154792, 0.42111004432396976, 0.1035186190062268, 0.25319388202825543], "matrix": [[0.014905080766356044, 0.00229086544461159, 0.007449191465232657, 0.016188085870828806, 0.014637752417626096, 0.009794645223396257, 0.003102043670986818, 0.0018284191012735364, 0.02014859238240383, 0.0075281473717869005, 0.01507731396484539, 0.014209679093172018, 0.013930968737960726, 0.052851764854901714], [0.00229086544461159, 0.0004999951475626207, 0.001257467639637955, 0.0026624412103106515, 0.0024793380307988637, 0.001608488569524245, 0.0005056975648669651, 0.00028891502135297396, 0.003280571912196352, 0.0012234328698427172, 0.002514607290006747, 0.002330509934593627, 0.002233849336653075, 0.008609922636262956], [0.007449191465232657, 0.001257467639637955, 0.004138596215858174, 0.008563385870467333, 0.007722035969891678, 0.005187133709681581, 0.0016579129385522417, 0.0009622475397707367, 0.010676621270309414, 0.003896959815437172, 0.008216030327987376, 0.007491279971998865, 0.007182362639388561, 0.027990518824529638], [0.016188085870828806, 0.0026624412103106515, 0.008563385870467333, 0.019935718317480606, 0.016752628243999153, 0.011270452866633762, 0.0036072213560663494, 0.0020724328808662193, 0.0233525075219416, 0.008506558499710267, 0.017546356660130786, 0.01642332894435459, 0.015727961840272857, 0.06060138206846266], [0.014637752417626096, 0.0024793380307988637, 0.007722035969891678, 0.016752628243999153, 0.01736956283772353, 0.010404593427778972, 0.003271303821004032, 0.0017725503304294537, 0.02112607355810434, 0.007831499576825421, 0.015916425591300933, 0.014617869625986959, 0.014044553792187862, 0.05481455783520376], [0.009794645223396257, 0.001608488569524245, 0.005187133709681581, 0.011270452866633762, 0.010404593427778972, 0.007339249658762125, 0.0021877689715046776, 0.001267069096876282, 0.014134542762831256, 0.005198867459783396, 0.01069083642592064, 0.009906600234303797, 0.00952086168119484, 0.036925967000882694], [0.003102043670986818, 0.0005056975648669651, 0.0016579129385522417, 0.0036072213560663494, 0.003271303821004032, 0.0021877689715046776, 0.0008496825187979085, 0.00041594179592513, 0.004503773813625286, 0.0016419264523771064, 0.0032998138370921963, 0.0031878131907431264, 0.003020191430787457, 0.011467737109240471], [0.0018284191012735364, 0.00028891502135297396, 0.0009622475397707367, 0.0020724328808662193, 0.0017725503304294537, 0.001267069096876282, 0.00041594179592513, 0.00030053262771126025, 0.0025259988005461344, 0.000945049265062187, 0.0019861445966978973, 0.0018297448801527013, 0.001684522744125393, 0.006877367704928214], [0.02014859238240383, 0.003280571912196352, 0.010676621270309414, 0.0233525075219416, 0.02112607355810434, 0.014134542762831256, 0.004503773813625286, 0.0025259988005461344, 0.032455561495539444, 0.010665444804737065, 0.02167496870088703, 0.020562916273349854, 0.019365835695315463, 0.0757602412666499], [0.0075281473717869005, 0.0012234328698427172, 0.003896959815437172, 0.008506558499710267, 0.007831499576825421, 0.005198867459783396, 0.0016419264523771064, 0.000945049265062187, 0.010665444804737065, 0.00425575252825699, 0.008186467348544453, 0.0076518399796880205, 0.007153969300310764, 0.027910673070925086], [0.01507731396484539, 0.002514607290006747, 0.008216030327987376, 0.017546356660130786, 0.015916425591300933, 0.01069083642592064, 0.0032998138370921963, 0.0019861445966978973, 0.02167496870088703, 0.008186467348544453, 0.020300919535347958, 0.015479463554893278, 0.0152709819760511, 0.057686777375746935], [0.014209679093172018, 0.002330509934593627, 0.007491279971998865, 0.01642332894435459, 0.014617869625986959, 0.009906600234303797, 0.0031878131907431264, 0.0018297448801527013, 0.020562916273349854, 0.0076518399796880205, 0.015479463554893278, 0.015469725517055125, 0.013762079767284713, 0.05312121963435597], [0.013930968737960726, 0.002233849336653075, 0.007182362639388561, 0.015727961840272857, 0.014044553792187862, 0.00952086168119484, 0.003020191430787457, 0.001684522744125393, 0.019365835695315463, 0.007153969300310764, 0.0152709819760511, 0.013762079767284713, 0.016038818741521445, 0.051014624416158935], [0.052851764854901714, 0.008609922636262956, 0.027990518824529638, 0.06060138206846266, 0.05481455783520376, 0.036925967000882694, 0.011467737109240471, 0.006877367704928214, 0.0757602412666499, 0.027910673070925086, 0.057686777375746935, 0.05312121963435597, 0.051014624416158935, 0.21229322152523858]]}
{"vector": [1.0, 9.0, 2.0, 7.0, 7970.0, 11268.0, 813059.0, 11601.0, 2.0, 0.9223850389719703, 0.07761496102802977, 0.5455572300092564, 0.4544427699907436, 0.7879848773853244, 0.2120151226146756, 0.009679652492278017, 0.9903203475077218, 0.8591657504918562, 0.14083424950814388, 0.9965274789180562, 0.00347252108194397, 0.9885953867632516, 0.011404613236748405, 0.11848073752961309, 0.05222050725360959, 0.010118694210275916, 0.04180536569986796, 0.04729309554706494, 0.07032849002838398, 0.07354982087735905, 0.016791304516168445, 0.10908504597482122, 0.04555503878025508, 0.10386677209524092, 0.01675292899231563, 0.0428256838455171, 0.08690585288984132, 0.07243815176281322, 0.09198250999685244, 0.0008321121042966412, 0.09588221153768449, 0.1021527862302195, 0.0031227848675044493, 0.14790978033312438, 0.10990797384771271, 0.07234820420183397, 0.011347037839532116, 0.06278251482688024, 0.11203605515689838, 0.0017146187533951963, 0.017587010815058778, 0.044195080278924964, 0.051042406510457154, 0.11143781098942128, 0.05570161170705549, 0.04982628776488318, 0.10949250168438375, 0.01360801745554042, 0.10272447930194835, 0.013638579219731856, 0.01778676098816354, 0.05121575820400228, 0.07067033602265713, 0.009405845859644282, 0.09740105259672777, 0.16604432743107697, 0.043179853325021784, 0.005943479219990617, 0.11860848553825379, 0.08878240875791298, 0.04167182663006125, 0.0, 4.0, 5.0, 9.0, 10.0, 14.0, 15.0, 19.0, 20.0, 24.0, 25.0, 29.0, 30.0, 34.0, 35.0, 39.0, 40.0, 44.0, 45.0, 49.0, 50.0, 54.0, 55.0, 59.0, 60.0, 64.0, 65.0, 100.0, 0.04746386325399555, 0.048786637648381107, 0.15755236780634488, 0.0917731608502629, 0.055431462143652764, 0.04087998819680126, 0.01998586926664476, 0.012639620865168705, 0.046799930093600985, 0.01044540307259744, 0.17495176701728904, 0.1581055971860055, 0.019200193816971082, 0.11598413878228417, 0.07015154393280373, 0.9298484560671963, 0.11020145006699857, 0.11006416571857966, 0.11619850036208285, 0.21315738898954806, 0.11846020814266404, 0.028671060048484506, 0.12847781100139494, 0.07916865957995908, 0.09560075609028831, 0.0900421740602744, 0.4138315965105105, 0.24081083115907728, 0.2553153982701378], "matrix": [[0.004474406086641478, 0.005744095822818185, 0.0043365180951685355, 0.003316193860746171, 0.008201291727354312, 0.008455728491998644, 0.001492276404748891, 0.007439108953800814, 0.005049460431654676, 0.001525228180176262, 0.015072925582363691, 0.023712190468619578, 0.006323362362741386, 0.0264695560624671], [0.005744095822818185, 0.010242317918916697, 0.006514437770749728, 0.0050058123293473065, 0.011652694354329276, 0.012695247349567085, 0.0022406298490240135, 0.009682709897180345, 0.007442254388666461, 0.0024646014392410796, 0.021999208767529164, 0.035092997020624225, 0.008454272679954685, 0.03802105186347301], [0.0043365180951685355, 0.006514437770749728, 0.005543092452781571, 0.004097827131586534, 0.009155351748621967, 0.010287624618586273, 0.001766704190509942, 0.008323458809858724, 0.005866956554195282, 0.0019066965864968654, 0.017665403071800482, 0.027849720952407665, 0.007437030605278, 0.02997444242027627], [0.003316193860746171, 0.0050058123293473065, 0.004097827131586534, 0.003526029369506548, 0.007449957586700878, 0.007743121278147811, 0.0013197995855525357, 0.007182516641436659, 0.004622481522729574, 0.0014835159276906113, 0.014144727739621785, 0.021962276889721473, 0.005878652454429246, 0.023696678201107067], [0.008201291727354312, 0.011652694354329276, 0.009155351748621967, 0.007449957586700878, 0.019217885505664497, 0.01849611112055243, 0.003059646234965266, 0.01573533397393254, 0.010877541200529292, 0.003472190027798811, 0.03185186646414035, 0.05017342869086759, 0.013391693275451751, 0.05519049756667593], [0.008455728491998644, 0.012695247349567085, 0.010287624618586273, 0.007743121278147811, 0.01849611112055243, 0.02409588631149239, 0.00351578719846195, 0.016642192036845443, 0.010920645266416815, 0.0037453105121281263, 0.03420384605107285, 0.053623299306714015, 0.014193841019908959, 0.058719005472603204], [0.001492276404748891, 0.0022406298490240135, 0.001766704190509942, 0.0013197995855525357, 0.003059646234965266, 0.00351578719846195, 0.0007661672103483638, 0.00287103238415675, 0.0019616902202359383, 0.0005963618307739257, 0.005867672012518405, 0.009595713221474733, 0.0025957547301976138, 0.010278626400227042], [0.007439108953800814, 0.009682709897180345, 0.008323458809858724, 0.007182516641436659, 0.01573533397393254, 0.016642192036845443, 0.00287103238415675, 0.018707359558716795, 0.009639440113394755, 0.003136981174066543, 0.030049781118041297, 0.046956333621779936, 0.012435707743253716, 0.04881931908819949], [0.005049460431654676, 0.007442254388666461, 0.005866956554195282, 0.004622481522729574, 0.010877541200529292, 0.010920645266416815, 0.0019616902202359383, 0.009639440113394755, 0.00819204152249135, 0.0021231540475132116, 0.02031846983166257, 0.03197554436139097, 0.008460182318541452, 0.03501485960237753], [0.001525228180176262, 0.0024646014392410796, 0.0019066965864968654, 0.0014835159276906113, 0.003472190027798811, 0.0037453105121281263, 0.0005963618307739257, 0.003136981174066543, 0.0021231540475132116, 0.0008376566200040748, 0.0064531413252124055, 0.010402141289876652, 0.0025296939522048895, 0.010920463288835839], [0.015072925582363691, 0.021999208767529164, 0.017665403071800482, 0.014144727739621785, 0.03185186646414035, 0.03420384605107285, 0.005867672012518405, 0.030049781118041297, 0.02031846983166257, 0.0064531413252124055, 0.0638465276413602, 0.09619077650068394, 0.025571162633271284, 0.10325016525314541], [0.023712190468619578, 0.035092997020624225, 0.027849720952407665, 0.021962276889721473, 0.05017342869086759, 0.053623299306714015, 0.009595713221474733, 0.046956333621779936, 0.03197554436139097, 0.010402141289876652, 0.09619077650068394, 0.16687372180336374, 0.0402587961616749, 0.16152617090496083], [0.006323362362741386, 0.008454272679954685, 0.007437030605278, 0.005878652454429246, 0.013391693275451751, 0.014193841019908959, 0.0025957547301976138, 0.012435707743253716, 0.008460182318541452, 0.0025296939522048895, 0.025571162633271284, 0.0402587961616749, 0.013043329571492082, 0.043852517472543144], [0.0264695560624671, 0.03802105186347301, 0.02997444242027627, 0.023696678201107067, 0.05519049756667593, 0.058719005472603204, 0.010278626400227042, 0.04881931908819949, 0.03501485960237753, 0.010920463288835839, 0.10325016525314541, 0.16152617090496083, 0.043852517472543144, 0.18605543347618642]]}
{"vector": [1.0, 3.0, 2.0, 4.0, 12570.0, 22420.0, 300606.0, 38348.0, 1.0, 0.3099273360690756, 0.6900726639309245, 0.792750581362615, 0.2072494186373849, 0.3623595122583731, 0.6376404877416268, 0.16266869992377192, 0.837331300076228, 0.9050581273444563, 0.09494187265554355, 0.5780263936470261, 0.42197360635297393, 0.5679053525302665, 0.43209464746973353, 0.073570283901605, 0.03404725872508056, 0.0033260352133852996, 0.04277939334128659, 0.09354894980764038, 0.08702053357291406, 0.07390861803805583, 0.03260843216791861, 0.09203019758340024, 0.03405038182552642, 0.054489191090719674, 0.09792438009790926, 0.09151854520725228, 0.0437032021672271, 0.04570619423744541, 0.09976840302263339, 0.1471330609966829, 0.001351189285584694, 0.09426880632182344, 0.009875607386161436, 0.0320415007785413, 0.09964711813223354, 0.04951197540945526, 0.04942149542761407, 0.08568862775215041, 0.01956616930492434, 0.13104474573356492, 0.09062507293333684, 0.03240955050846672, 0.03534778580050507, 0.023132803030042958, 0.09893449119891203, 0.04292487239442497, 0.0019863538683626484, 0.14055082974080882, 0.011701323613693465, 0.005216977203767947, 0.04181191257238489, 0.04384259252787378, 0.11742636159446553, 0.09131334204464112, 0.1023500188002853, 0.14273728842293937, 0.09784351312618476, 0.02970494006767132, 0.08061315595245434, 0.013942440978440392, 0.036034077091601224, 0.0, 4.0, 5.0, 9.0, 10.0, 14.0, 15.0, 19.0, 20.0, 24.0, 25.0, 29.0, 30.0, 34.0, 35.0, 39.0, 40.0, 44.0, 45.0, 49.0, 50.0, 54.0, 55.0, 59.0, 60.0, 64.0, 65.0, 100.0, 0.09870232927134334, 0.026688999563480097, 0.0765219032090421, 0.052049706927207354, 0.09258970979394542, 0.05370664399421356, 0.07096613699082523, 0.14632714384838474, 0.0003312249552431232, 0.13543339272814803, 0.08020944238496514, 0.05612680975612231, 0.06570831017569218, 0.044638246401387145, 0.04882287772049277, 0.9511771222795073, 0.11062963109484825, 0.012159093948059719, 0.26108265784066625, 0.018167207355779324, 0.09654628785246665, 0.08796094072115987, 0.03849044917255377, 0.06784089182494932, 0.3071228401895169, 0.6488752388820297, 0.31223455316539417, 0.03619994537180451, 0.0026902625807715807], "matrix": [[0.017653408760115664, 0.0018911293643571556, 0.007507986999707052, 0.006609807231984534, 0.00806142381375109, 0.010184748830379401, 0.0210432123811732, 0.025731627727437333, 0.0037140875606591255, 0.0214047494604502, 0.015911156002304052, 0.00951066017897435, 0.04934606774030476, 0.030236578011260572], [0.0018911293643571556, 0.0002876956464512443, 0.0009068720423887801, 0.0007553517036652439, 0.0009526813141826375, 0.001229917602519645, 0.0024829601363189095, 0.003083474519195716, 0.00040660727345760185, 0.002532895959592614, 0.0019141349631633885, 0.001108786112289499, 0.0056476269501319395, 0.0035334840315929877], [0.007507986999707052, 0.0009068720423887801, 0.003668635047677221, 0.0030931876672436387, 0.0036799493683982156, 0.0046688162002859555, 0.00963918972462524, 0.011796891912875631, 0.0016402691997112902, 0.009822903280360269, 0.007203809867112168, 0.004292971465294506, 0.022751095295884156, 0.013798234019283543], [0.006609807231984534, 0.0007553517036652439, 0.0030931876672436387, 0.003254531676815212, 0.0032765821953842935, 0.004238396515363088, 0.008567262299559128, 0.010594685882613707, 0.0014788150587932514, 0.008750211647524157, 0.006519801175961458, 0.0039027489713634824, 0.020201728055997764, 0.012363089315515951], [0.00806142381375109, 0.0009526813141826375, 0.0036799493683982156, 0.0032765821953842935, 0.0043604668141205265, 0.005081840506403421, 0.010475610566171424, 0.01267883005572448, 0.0017771495141769133, 0.010609136590468993, 0.007714314048613516, 0.0046858467983682175, 0.024156223921874245, 0.014968875070585086], [0.010184748830379401, 0.001229917602519645, 0.0046688162002859555, 0.004238396515363088, 0.005081840506403421, 0.0076813893395829575, 0.013067115463076295, 0.016309111153127033, 0.002279985970638551, 0.013566892530235061, 0.010058032463917083, 0.005974070172595413, 0.031495488626254925, 0.018884674377150436], [0.0210432123811732, 0.0024829601363189095, 0.00963918972462524, 0.008567262299559128, 0.010475610566171424, 0.013067115463076295, 0.02998130193905817, 0.0330256026244473, 0.004697113281819507, 0.02737511150758252, 0.020360448773868372, 0.011901430405281497, 0.06360957722174289, 0.038084365325077404], [0.025731627727437333, 0.003083474519195716, 0.011796891912875631, 0.010594685882613707, 0.01267883005572448, 0.016309111153127033, 0.0330256026244473, 0.043298089108563476, 0.005498877703458475, 0.033353018760211815, 0.024975503284805713, 0.014815003666877552, 0.0784889007360019, 0.04810563791912429], [0.0037140875606591255, 0.00040660727345760185, 0.0016402691997112902, 0.0014788150587932514, 0.0017771495141769133, 0.002279985970638551, 0.004697113281819507, 0.005498877703458475, 0.0013644939973006822, 0.004751471303891605, 0.0033780899860390533, 0.002062022836294845, 0.010642265716058913, 0.006530680768907916], [0.0214047494604502, 0.002532895959592614, 0.009822903280360269, 0.008750211647524157, 0.010609136590468993, 0.013566892530235061, 0.02737511150758252, 0.033353018760211815, 0.004751471303891605, 0.030415713158767288, 0.020531543141338066, 0.012446083021881759, 0.06471136162161448, 0.039398902858523994], [0.015911156002304052, 0.0019141349631633885, 0.007203809867112168, 0.006519801175961458, 0.007714314048613516, 0.010058032463917083, 0.020360448773868372, 0.024975503284805713, 0.0033780899860390533, 0.020531543141338066, 0.017086542603162974, 0.009167420640267964, 0.04808471454880295, 0.02923228055662245], [0.00951066017897435, 0.001108786112289499, 0.004292971465294506, 0.0039027489713634824, 0.0046858467983682175, 0.005974070172595413, 0.011901430405281497, 0.014815003666877552, 0.002062022836294845, 0.012446083021881759, 0.009167420640267964, 0.006111328290983258, 0.028412406465985036, 0.01744638431869422], [0.04934606774030476, 0.0056476269501319395, 0.022751095295884156, 0.020201728055997764, 0.024156223921874245, 0.031495488626254925, 0.06360957722174289, 0.0784889007360019, 0.010642265716058913, 0.06471136162161448, 0.04808471454880295, 0.028412406465985036, 0.16278419779629133, 0.09267993337424388], [0.030236578011260572, 0.0035334840315929877, 0.013798234019283543, 0.012363089315515951, 0.014968875070585086, 0.018884674377150436, 0.038084365325077404, 0.04810563791912429, 0.006530680768907916, 0.039398902858523994, 0.02923228055662245, 0.01744638431869422, 0.09267993337424388, 0.06700077211244246]]}
{"vector": [1.0, 3.0, 1.0, 8.0, 22979.0, 31464.0, 1501554.0, 43134.0, 1.0, 0.053572492090905866, 0.9464275079090941, 0.991456562499157, 0.008543437500843036, 0.6822304648545731, 0.3177695351454271, 0.06459321697849806, 0.935406783021502, 0.23878651815357096, 0.761213481846429, 0.8441945811463882, 0.15580541885361177, 0.9903946546284895, 0.009605345371510478, 0.01645839822582312, 0.08904601443027889, 0.08011590953796265, 0.0894742027279614, 0.051845216722301427, 0.06722696019508266, 0.10978914575926826, 0.022540147366808202, 0.05335257291009204, 0.01865604455859737, 0.0540352342732427, 0.007402594322421707, 0.04079597887969704, 0.14112947447008176, 0.043771410797291785, 0.11436069482308896, 0.01587221322554884, 0.10798386480842888, 0.0907652541678357, 0.020032385471847245, 0.01175911309656997, 0.06129558372412264, 0.08409532617335884, 0.03789532241096389, 0.12425809770171355, 0.020516435578528818, 0.08375483734164793, 0.04440051842634821, 0.017673264276563006, 0.12487225042043731, 0.11124601311647855, 0.04357952005960672, 0.05401142280002389, 0.07634125084973191, 0.07216997184893438, 0.044917749402519004, 0.016632126955867747, 0.10484687607520131, 0.018110550671167045, 0.0930078859649494, 0.024580597101840625, 0.07754385818445864, 0.06626718684316274, 0.04885216759417589, 0.08122774010904228, 0.0172508118752081, 0.1262375487340901, 0.07800225498962698, 0.0, 4.0, 5.0, 9.0, 10.0, 14.0, 15.0, 19.0, 20.0, 24.0, 25.0, 29.0, 30.0, 34.0, 35.0, 39.0, 40.0, 44.0, 45.0, 49.0, 50.0, 54.0, 55.0, 59.0, 60.0, 64.0, 65.0, 100.0, 0.03562953162735676, 0.08223929925517892, 0.08226182592895792, 0.1123057753234879, 0.08747748590398219, 0.010920797784024496, 0.09758466168121835, 0.04609050482306957, 0.020407785361911845, 0.10907268045758213, 0.11658665601536755, 0.001854783954451253, 0.07598149915541635, 0.12158671272799468, 0.8637596150145638, 0.13624038498543622, 0.2031083099080172, 0.14485170559005528, 0.2507277062415106, 0.05233584533639515, 0.05594371115785192, 0.01478098682868303, 0.22542351404780503, 0.029898155965489122, 0.02293006492419273, 0.43435457256881127, 0.14731576519773448, 0.4126800090880763, 0.005649653145377832], "matrix": [[0.00021995534023960578, 0.00044145253508543056, 0.000410761258356491, 0.0007639671256101302, 0.0009001420927048683, 0.00025655806557883234, 0.0025225768969134726, 0.000643384860195499, 0.001329299414903286, 0.0014937744673702573, 0.0015648818395021767, 0.0006193361088719558, 0.0011652529591909626, 0.0036971460303373204], [0.00044145253508543056, 0.0012642936496471704, 0.001051548438924442, 0.0019264825686684819, 0.002298969377837388, 0.0006422103571671203, 0.006224437987075083, 0.0016321542001555614, 0.0033337213547591713, 0.003733331522977191, 0.003919636566694059, 0.0015745258654719693, 0.0029073278728879255, 0.009300672472630871], [0.000410761258356491, 0.001051548438924442, 0.0010712606771400037, 0.0017821993586952484, 0.0021311244591431192, 0.0005876523871580718, 0.0058369913545403, 0.0014968862545018007, 0.0030916039885341895, 0.003467232279445444, 0.0036586704507239306, 0.001445870503853178, 0.0026853032704235863, 0.00862416553337202], [0.0007639671256101302, 0.0019264825686684819, 0.0017821993586952484, 0.0036982664143020566, 0.004004279859846169, 0.0011183522196165894, 0.010947459372813079, 0.002808631865068302, 0.005806062192218551, 0.006444522000453749, 0.006803002251827915, 0.002637707747402302, 0.005014962061116984, 0.016204297601938943], [0.0009001420927048683, 0.002298969377837388, 0.0021311244591431192, 0.004004279859846169, 0.005205259632932323, 0.0013207164117475009, 0.012832383631496913, 0.0033316210880374375, 0.006823106279923228, 0.00766462755074875, 0.008017005356356598, 0.003158619645584091, 0.0059097003143886205, 0.019024061328650723], [0.00025655806557883234, 0.0006422103571671203, 0.0005876523871580718, 0.0011183522196165894, 0.0013207164117475009, 0.0004926878092024365, 0.003644958707171614, 0.0009045588235294117, 0.0018648120405186867, 0.0021393219269117757, 0.00225047008148079, 0.0008980125713040002, 0.0016424635872576802, 0.005314718708684413], [0.0025225768969134726, 0.006224437987075083, 0.0058369913545403, 0.010947459372813079, 0.012832383631496913, 0.003644958707171614, 0.039238378145044064, 0.009267721758908264, 0.018583890927657852, 0.021151757956637342, 0.02221310509422678, 0.008756048459793928, 0.016262319939347993, 0.05289586766223993], [0.000643384860195499, 0.0016321542001555614, 0.0014968862545018007, 0.002808631865068302, 0.0033316210880374375, 0.0009045588235294117, 0.009267721758908264, 0.0027792578125, 0.004724199907235622, 0.005407925498753118, 0.005768456463009144, 0.0022672753242742433, 0.004243141849199663, 0.013580979012915129], [0.001329299414903286, 0.0033337213547591713, 0.0030916039885341895, 0.005806062192218551, 0.006823106279923228, 0.0018648120405186867, 0.018583890927657852, 0.004724199907235622, 0.012409602059747832, 0.011134578519687178, 0.01170785929425046, 0.00459851187372585, 0.008504274038634371, 0.027831795247451545], [0.0014937744673702573, 0.003733331522977191, 0.003467232279445444, 0.006444522000453749, 0.00766462755074875, 0.0021393219269117757, 0.021151757956637342, 0.005407925498753118, 0.011134578519687178, 0.01349051864658111, 0.013082180942766386, 0.0052221464046287415, 0.009627976534373138, 0.03107889869422385], [0.0015648818395021767, 0.003919636566694059, 0.0036586704507239306, 0.006803002251827915, 0.008017005356356598, 0.00225047008148079, 0.02221310509422678, 0.005768456463009144, 0.01170785929425046, 0.013082180942766386, 0.01515430735989066, 0.00549824738134076, 0.010150067123681949, 0.03304043857146801], [0.0006193361088719558, 0.0015745258654719693, 0.001445870503853178, 0.002637707747402302, 0.003158619645584091, 0.0008980125713040002, 0.008756048459793928, 0.0022672753242742433, 0.00459851187372585, 0.0052221464046287415, 0.00549824738134076, 0.0029518980329708857, 0.00403738149491636, 0.012947949738916784], [0.0011652529591909626, 0.0029073278728879255, 0.0026853032704235863, 0.005014962061116984, 0.0059097003143886205, 0.0016424635872576802, 0.016262319939347993, 0.004243141849199663, 0.008504274038634371, 0.009627976534373138, 0.010150067123681949, 0.00403738149491636, 0.008534289966635179, 0.024173705300658734], [0.0036971460303373204, 0.009300672472630871, 0.00862416553337202, 0.016204297601938943, 0.019024061328650723, 0.005314718708684413, 0.05289586766223993, 0.013580979012915129, 0.027831795247451545, 0.03107889869422385, 0.03304043857146801, 0.012947949738916784, 0.024173705300658734, 0.0852418948543729]]}
{"vector": [1.0, 8.0, 1.0, 3.0, 14475.0, 19579.0, 1200897.0, 38128.0, 2.0, 0.7337559227298628, 0.2662440772701372, 0.8106337364862634, 0.18936626351373662, 0.5820241339941121, 0.4179758660058878, 0.10449023831802871, 0.8955097616819714, 0.2972412554524138, 0.7027587445475861, 0.786557236254647, 0.21344276374535298, 0.4441214921983491, 0.5558785078016508, 0.03954687419471635, 0.07304607721507088, 0.03646690673721138, 0.03818520180396242, 0.0762621898944011, 0.05349192051273717, 0.1667364193314666, 0.11073128079877814, 0.01391751241684553, 0.04995623231097705, 0.03563059580913715, 0.017141792650545645, 0.09886010933240016, 0.029149876823435034, 0.13186324761111337, 0.02901376255720205, 0.12240476822875274, 0.0035006646194223716, 0.04353059113201905, 0.03441715021323738, 0.08736007690899102, 0.02679012846821162, 0.04424446270362968, 0.07005715125173793, 0.04792305140761494, 0.1179373777770703, 0.08972414393270949, 0.0630738919747685, 0.06763217953697048, 0.08041998478683252, 0.08993397021370853, 0.011050406844323525, 0.030087083908319705, 0.0021197284408831156, 0.002171672293234725, 0.11256663107501728, 0.1767273126189312, 0.006992460654035789, 0.11629595857661564, 0.07749792708990541, 0.01650704402661627, 0.019725922459329505, 0.09036017904417565, 0.03185347100056818, 0.06045209618113437, 0.047913702218647734, 0.0054530817926481765, 0.2032757286199371, 0.0, 4.0, 5.0, 9.0, 10.0, 14.0, 15.0, 19.0, 20.0, 24.0, 25.0, 29.0, 30.0, 34.0, 35.0, 39.0, 40.0, 44.0, 45.0, 49.0, 50.0, 54.0, 55.0, 59.0, 60.0, 64.0, 65.0, 100.0, 0.015231828374327553, 0.160027265895503, 0.201482038733924, 0.0717017827794636, 0.08875921914008766, 0.010396505938031963, 0.016529960069512507, 0.003544312082458774, 0.12647647904836465, 0.16628166889063534, 0.020485867582497923, 0.02893912693818839, 0.055041056056954876, 0.03510288847004979, 0.5531547430240759, 0.4468452569759241, 0.1330490128644065, 0.13390980535731958, 0.13303855372117396, 0.08726265538811884, 0.19219630137824534, 0.11054316138034558, 0.007926761610433892, 0.09516034277414386, 0.10691340552581254, 0.13880095025091396, 0.537773461636677, 0.1889809552530626, 0.13444463285934624], "matrix": [[0.000193698622450411, 0.00073801040997018, 0.00967957290208884, 0.0009821025718153105, 0.0005251361325351832, 0.00022383915076101094, 0.00020897834040569264, 0.0004709173801391718, 0.0011142737308461298, 0.00235365813267976, 0.0008759190578437114, 0.0015084073741787978, 0.0018228601492880866, 0.001147595561458966], [0.00073801040997018, 0.004238292700395286, 0.05419855038682251, 0.005457204442679015, 0.0026796767913739, 0.0011815777956283341, 0.001121281193470164, 0.0025937138190369672, 0.006034026958452544, 0.01256338967182768, 0.00472913096183589, 0.008365457516542404, 0.010048473357697643, 0.006359968748093611], [0.00967957290208884, 0.05419855038682251, 0.765439816144786, 0.07221851748942607, 0.0360502663188573, 0.01621441095432913, 0.015141242937853109, 0.03498372994538921, 0.08156160900343798, 0.1678822737563483, 0.0637677605481428, 0.11158691119071806, 0.13649261891744122, 0.08498620860202781], [0.0009821025718153105, 0.005457204442679015, 0.07221851748942607, 0.008706507277679902, 0.0037541598753927435, 0.0017323630664501214, 0.001589476755952801, 0.0035066793167726415, 0.008367915841011823, 0.017228107553609123, 0.006535771034375848, 0.011351008142133964, 0.013989634134398809, 0.008839354892785372], [0.0005251361325351832, 0.0026796767913739, 0.0360502663188573, 0.0037541598753927435, 0.0020210623753168563, 0.0008277910910121486, 0.0007702776428832653, 0.0017719659086360743, 0.004160738047187978, 0.008542899236190801, 0.00327502701398145, 0.005739714697680547, 0.006959863838091515, 0.004228269923895944], [0.00022383915076101094, 0.0011815777956283341, 0.01621441095432913, 0.0017323630664501214, 0.0008277910910121486, 0.0004936354248397735, 0.00033419465977605514, 0.0007707975251582413, 0.0018405964096767165, 0.003820834296621674, 0.0014011109946546485, 0.002491543772953541, 0.0031035806981301976, 0.0018514648399705872], [0.00020897834040569264, 0.001121281193470164, 0.015141242937853109, 0.001589476755952801, 0.0007702776428832653, 0.00033419465977605514, 0.0004074541460515861, 0.000737943946198013, 0.0017252219549931127, 0.003601451506077482, 0.0013526856891527847, 0.0023340180470985254, 0.002868842210552638, 0.001772969430161506], [0.0004709173801391718, 0.0025937138190369672, 0.03498372994538921, 0.0035066793167726415, 0.0017719659086360743, 0.0007707975251582413, 0.000737943946198013, 0.0022767495073871035, 0.003946324211013029, 0.008205131295842046, 0.002948531240009946, 0.0052550781270571875, 0.006576260613567415, 0.004000307283557145], [0.0011142737308461298, 0.006034026958452544, 0.08156160900343798, 0.008367915841011823, 0.004160738047187978, 0.0018405964096767165, 0.0017252219549931127, 0.003946324211013029, 0.010203922018262774, 0.019282272653710013, 0.00741229188505161, 0.012839102717582304, 0.015590443327653927, 0.009714793543762326], [0.00235365813267976, 0.01256338967182768, 0.1678822737563483, 0.017228107553609123, 0.008542899236190801, 0.003820834296621674, 0.003601451506077482, 0.008205131295842046, 0.019282272653710013, 0.04228065008015223, 0.015286811583070898, 0.026223735607967293, 0.03240373044524669, 0.020034034691074402], [0.0008759190578437114, 0.00472913096183589, 0.0637677605481428, 0.006535771034375848, 0.00327502701398145, 0.0014011109946546485, 0.0013526856891527847, 0.002948531240009946, 0.00741229188505161, 0.015286811583070898, 0.007396333182435491, 0.010100174508356267, 0.012442089910775566, 0.007424003629677388], [0.0015084073741787978, 0.008365457516542404, 0.11158691119071806, 0.011351008142133964, 0.005739714697680547, 0.002491543772953541, 0.0023340180470985254, 0.0052550781270571875, 0.012839102717582304, 0.026223735607967293, 0.010100174508356267, 0.0218899581048672, 0.021220447067602864, 0.013479697075911587], [0.0018228601492880866, 0.010048473357697643, 0.13649261891744122, 0.013989634134398809, 0.006959863838091515, 0.0031035806981301976, 0.002868842210552638, 0.006576260613567415, 0.015590443327653927, 0.03240373044524669, 0.012442089910775566, 0.021220447067602864, 0.031339244421320384, 0.01600111026634324], [0.001147595561458966, 0.006359968748093611, 0.08498620860202781, 0.008839354892785372, 0.004228269923895944, 0.0018514648399705872, 0.001772969430161506, 0.004000307283557145, 0.009714793543762326, 0.020034034691074402, 0.007424003629677388, 0.013479697075911587, 0.01600111026634324, 0.012525554837563815]]}
{"vector": [1.0, 5.0, 9.0, 1.0, 15711.0, 20843.0, 1327285.0, 29679.0, 1.0, 0.26271236342129123, 0.7372876365787088, 0.9265016268295408, 0.07349837317045908, 0.6963020594273193, 0.3036979405726808, 0.9438645268805965, 0.05613547311940344, 0.2702611000177114, 0.7297388999822886, 0.3780096580558163, 0.6219903419441837, 0.5091254395047972, 0.4908745604952029, 0.001610250453520478, 0.16599905713854246, 0.036094747506079085, 0.03174796932838344, 0.04877359025471148, 0.10572065570322363, 0.03522656852846611, 0.09486724118018504, 0.03385404023069217, 0.021250502730031196, 0.17593842247351243, 0.09506908846156328, 0.03934312646206108, 0.045001466909229376, 0.04622296761616886, 0.02328030502362983, 0.031755069264875244, 0.021122173851195143, 0.09092205372319787, 0.08746446000485478, 0.10101089838741607, 0.013677666201043336, 0.10142497775386854, 0.1255853286664076, 0.07020739821181825, 0.04141740464684967, 0.0591452821270235, 0.08077225094415764, 0.013121407009353143, 0.0003679103155098979, 0.06859403142109352, 0.09341168747133585, 0.013090893731595344, 0.06072602301923742, 0.17465819365604138, 0.09493993035279512, 0.07237417044327006, 0.01194046668581159, 0.009860774901603775, 0.06572024867739629, 0.0032391202477677467, 0.00997641593040662, 0.03016938715998951, 0.12863971455062084, 0.03845480386827968, 0.11238932224341892, 0.08201885467348345, 0.09180167985828235, 0.0, 4.0, 5.0, 9.0, 10.0, 14.0, 15.0, 19.0, 20.0, 24.0, 25.0, 29.0, 30.0, 34.0, 35.0, 39.0, 40.0, 44.0, 45.0, 49.0, 50.0, 54.0, 55.0, 59.0, 60.0, 64.0, 65.0, 100.0, 0.11550230785010478, 0.0069756559760493645, 0.04296484534139605, 0.14877595236279506, 0.04081717362259526, 0.04325486164052619, 0.16449296621596968, 0.006673225603145362, 0.09300641599440486, 0.023611745925598032, 0.07459923508242669, 0.015575128556733663, 0.08781480342971677, 0.135935682398538, 0.6306996544091633, 0.3693003455908365, 0.04181297981026835, 0.1425068297132065, 0.2043071042910469, 0.1322726693839909, 0.11095041488591498, 0.10494851493655705, 0.029841007467815258, 0.21414342283125676, 0.019217056679943376, 0.2992669441133622, 0.24423978780395839, 0.07069846924873974, 0.3857947988339395], "matrix": [[0.003638302890583967, 0.00028167659972012, 0.0019103087260522813, 0.016678957875061986, 0.002616786294784558, 0.01392141905363685, 0.018441966726548464, 0.001608688718789867, 0.00639199860916123, 0.0032765908230643057, 0.016662591250401818, 0.0036717139083061847, 0.01755044359568918, 0.17414558813655243], [0.00028167659972012, 5.1582331395183764e-05, 0.00013198455556997195, 0.0013884299227559997, 0.00022222579426633342, 0.0011550611033705235, 0.0014699776245069318, 0.0001466597592263667, 0.0005445803907008355, 0.0002841064353053696, 0.0013500004462811393, 0.0002466127445943367, 0.0015256658626434418, 0.01494188401732573], [0.0019103087260522813, 0.00013198455556997195, 0.001451270760764508, 0.009563977896237284, 0.001527074693469715, 0.008263070835658658, 0.011127967330738111, 0.0009311153092639239, 0.0037610094605317864, 0.0018922366466447072, 0.009595838132729137, 0.0021614126148131185, 0.010419033763568852, 0.0985313830335705], [0.016678957875061986, 0.0013884299227559997, 0.009563977896237284, 0.09678129319151493, 0.0130943611791765, 0.07163173652694611, 0.09364838165710258, 0.008204403531438415, 0.031957175520629495, 0.016485353309481216, 0.08381393401114098, 0.01835986717064941, 0.09098166546409872, 0.8861519107847137], [0.002616786294784558, 0.00022222579426633342, 0.001527074693469715, 0.0130943611791765, 0.0026677987589048846, 0.010925143894499301, 0.014571562890890621, 0.0012292609351432881, 0.005016194663461896, 0.0024302620456466612, 0.012837782967845043, 0.002685727819417659, 0.013553987778331453, 0.13866113246918202], [0.01392141905363685, 0.0011550611033705235, 0.008263070835658658, 0.07163173652694611, 0.010925143894499301, 0.07621642941661587, 0.07909149233999532, 0.006399492681304059, 0.0268214677818853, 0.014318574389682173, 0.06975446092739145, 0.014924696062420615, 0.07606934103154074, 0.7428879083937387], [0.018441966726548464, 0.0014699776245069318, 0.011127967330738111, 0.09364838165710258, 0.014571562890890621, 0.07909149233999532, 0.11650784280654411, 0.008668492965367966, 0.036262552770524425, 0.018202266483516482, 0.09387725967499837, 0.020454545454545454, 0.09932469082230419, 0.9706225791752108], [0.001608688718789867, 0.0001466597592263667, 0.0009311153092639239, 0.008204403531438415, 0.0012292609351432881, 0.006399492681304059, 0.008668492965367966, 0.0011469907407407407, 0.0030370411376832987, 0.0014670806623931624, 0.007531232551647124, 0.0016613100704009794, 0.00870657650490586, 0.08216739766081871], [0.00639199860916123, 0.0005445803907008355, 0.0037610094605317864, 0.031957175520629495, 0.005016194663461896, 0.0268214677818853, 0.036262552770524425, 0.0030370411376832987, 0.014512321508565943, 0.0061083668324589495, 0.03220153023754735, 0.007094578932085978, 0.03485142193970629, 0.34219694497537023], [0.0032765908230643057, 0.0002841064353053696, 0.0018922366466447072, 0.016485353309481216, 0.0024302620456466612, 0.014318574389682173, 0.018202266483516482, 0.0014670806623931624, 0.0061083668324589495, 0.00456878698224852, 0.01665370119829919, 0.0033712121212121212, 0.018001422801542134, 0.17743927125506073], [0.016662591250401818, 0.0013500004462811393, 0.009595838132729137, 0.08381393401114098, 0.012837782967845043, 0.06975446092739145, 0.09387725967499837, 0.007531232551647124, 0.03220153023754735, 0.01665370119829919, 0.09766293780460089, 0.017834350817448122, 0.09111967954330123, 0.8758353169355549], [0.0036717139083061847, 0.0002466127445943367, 0.0021614126148131185, 0.01835986717064941, 0.002685727819417659, 0.014924696062420615, 0.020454545454545454, 0.0016613100704009794, 0.007094578932085978, 0.0033712121212121212, 0.017834350817448122, 0.006424500451547785, 0.019366917164704102, 0.19444444444444445], [0.01755044359568918, 0.0015256658626434418, 0.010419033763568852, 0.09098166546409872, 0.013553987778331453, 0.07606934103154074, 0.09932469082230419, 0.00870657650490586, 0.03485142193970629, 0.018001422801542134, 0.09111967954330123, 0.019366917164704102, 0.11266283513992288, 0.9432148390068249], [0.17414558813655243, 0.01494188401732573, 0.0985313830335705, 0.8861519107847137, 0.13866113246918202, 0.7428879083937387, 0.9706225791752108, 0.08216739766081871, 0.34219694497537023, 0.17743927125506073, 0.8758353169355549, 0.19444444444444445, 0.9432148390068249, 10.406709756848262]]}
