{"vector": [1.0, 7.0, 5.0, 8.0, 19393.0, 24624.0, 1176455.0, 34952.0, 1.0, 0.8273057534676439, 0.1726942465323561, 0.37772581733074306, 0.622274182669257, 0.4327434417286195, 0.5672565582713804, 0.5806959720604266, 0.4193040279395735, 0.8902156503692431, 0.10978434963075688, 0.6195028013191054, 0.3804971986808946, 0.2508331968250011, 0.7491668031749988, 0.03169049479939849, 0.0412010517831692, 0.07063593850162847, 0.06599183990734601, 0.036067332276781654, 0.10587867259529606, 0.005588456762223427, 0.1179018416607847, 0.020388089784732034, 0.010640943004601085, 0.0980479229388172, 0.03835791883560661, 0.08190419794442584, 0.10276876923473742, 0.09063790107870456, 0.08229862889174729, 0.07599130419127709, 0.04325061110792301, 0.05270842413106091, 0.10580691880005837, 0.01093535933339968, 0.05466439015581623, 0.10047063178286082, 0.05508370304262741, 0.01220007636776153, 0.07816109514300319, 0.06751225060766809, 0.09137952761723972, 0.027016252709860508, 0.059326962487726946, 0.020612738790823735, 0.1448797537308927, 0.12163268671716211, 0.11503500943217924, 0.11056006993133184, 0.025509990133850226, 0.01716605152179793, 0.06426837500897807, 0.052180687206855085, 0.09140992639861331, 8.300153377216777e-05, 0.14037204438241888, 0.05033196783575296, 0.00819788218653931, 0.061734303316033995, 0.05047598283762502, 0.04333167882153414, 0.047710342735555876, 0.0, 4.0, 5.0, 9.0, 10.0, 14.0, 15.0, 19.0, 20.0, 24.0, 25.0, 29.0, 30.0, 34.0, 35.0, 39.0, 40.0, 44.0, 45.0, 49.0, 50.0, 54.0, 55.0, 59.0, 60.0, 64.0, 65.0, 100.0, 0.09762628710416495, 0.05739950866994116, 0.10409959963316708, 0.032099936842107, 0.12978547873486745, 0.03572505286512632, 0.01668746865556876, 0.030223438958144052, 0.05718558585260447, 0.18890907633200607, 0.02353525929938868, 0.11879036250098163, 0.06125818449094713, 0.04667476006098515, 0.08581365753616473, 0.9141863424638352, 0.13044187142154942, 0.15416550062337603, 0.19442898141002338, 0.08708180300942796, 0.2664001005248251, 0.06261152333649285, 0.009653793996478019, 0.0714003171885822, 0.023816108489244987, 0.2896830152422809, 0.03141092539911261, 0.4862969064860697, 0.19260915287253685], "matrix": [[0.0012450554041032208, 0.0015721768879247682, 0.002264234887225213, 0.0017100667277526003, 0.002353072703192982, 0.0016876178856242696, 0.0021850144110580542, 0.0005662494526346519, 0.0015489172915807289, 0.0023409551569422682, 0.0014714603392300722, 0.0008703222039417048, 0.000644431529232029, 0.0031071860036590857], [0.0015721768879247682, 0.002050518916696892, 0.00287352162412515, 0.002225256182503711, 0.0029739783450013625, 0.0021671284790264027, 0.0028333557688293314, 0.000714146177457813, 0.001991464288868045, 0.002865424456780413, 0.0019043448352820038, 0.0010453792827571616, 0.0008079134159739418, 0.0040116766967888285], [0.002264234887225213, 0.00287352162412515, 0.004278201166555995, 0.0031450360490470793, 0.004415776017906002, 0.003152719361366893, 0.004047028131779215, 0.0010676425023136943, 0.0028825716073934537, 0.004505582836525905, 0.002729549614061737, 0.0016916220146196502, 0.0012214415428764525, 0.005766448176493425], [0.0017100667277526003, 0.002225256182503711, 0.0031450360490470793, 0.0026686204239980194, 0.0035743926270412453, 0.002589467235769578, 0.00343504860248611, 0.0008415763220057411, 0.0023921028343179265, 0.0034054527646952696, 0.0022796844462375505, 0.0012303374995804375, 0.0009635004829451302, 0.00465798152311959], [0.002353072703192982, 0.0029739783450013625, 0.004415776017906002, 0.0035743926270412453, 0.005036305980193354, 0.003563704971664556, 0.004625148204996701, 0.00119409113312571, 0.0032797023675946455, 0.0050909305347683455, 0.0030905250952166985, 0.0018988899613998056, 0.001376639742610067, 0.0063564402818848745], [0.0016876178856242696, 0.0021671284790264027, 0.003152719361366893, 0.002589467235769578, 0.003563704971664556, 0.0025511963548157197, 0.0033394948215672757, 0.0008432692043586253, 0.0023498100637709624, 0.003517899227202018, 0.002228220788197783, 0.0012936190408313452, 0.0009668824527820837, 0.0045603938593440935], [0.0021850144110580542, 0.0028333557688293314, 0.004047028131779215, 0.00343504860248611, 0.004625148204996701, 0.0033394948215672757, 0.004449302160951527, 0.0010905504263691562, 0.003092751647121815, 0.004424149720311086, 0.0029424268900327326, 0.0016051182821394678, 0.0012466702702341377, 0.006000662852572286], [0.0005662494526346519, 0.000714146177457813, 0.0010676425023136943, 0.0008415763220057411, 0.00119409113312571, 0.0008432692043586253, 0.0010905504263691562, 0.00028779479276560963, 0.0007753037674831522, 0.0012237724794624994, 0.0007311746263599652, 0.00045948686191977627, 0.0003287211688261167, 0.001512157981265393], [0.0015489172915807289, 0.001991464288868045, 0.0028825716073934537, 0.0023921028343179265, 0.0032797023675946455, 0.0023498100637709624, 0.003092751647121815, 0.0007753037674831522, 0.002176126334823167, 0.0032158112383416635, 0.002057445450916509, 0.001182829264763119, 0.0008920606491473573, 0.0042157117650788705], [0.0023409551569422682, 0.002865424456780413, 0.004505582836525905, 0.0034054527646952696, 0.0050909305347683455, 0.003517899227202018, 0.004424149720311086, 0.0012237724794624994, 0.0032158112383416635, 0.005569208021102399, 0.002983938505931576, 0.002144403110119537, 0.0014200388728256926, 0.00620966660907951], [0.0014714603392300722, 0.0019043448352820038, 0.002729549614061737, 0.0022796844462375505, 0.0030905250952166985, 0.002228220788197783, 0.0029424268900327326, 0.0007311746263599652, 0.002057445450916509, 0.002983938505931576, 0.001961549653445078, 0.0010889523187271786, 0.0008354578467914689, 0.004008873535389019], [0.0008703222039417048, 0.0010453792827571616, 0.0016916220146196502, 0.0012303374995804375, 0.0018988899613998056, 0.0012936190408313452, 0.0016051182821394678, 0.00045948686191977627, 0.001182829264763119, 0.002144403110119537, 0.0010889523187271786, 0.0008525771875684646, 0.0005353704057799894, 0.002278239809642961], [0.000644431529232029, 0.0008079134159739418, 0.0012214415428764525, 0.0009635004829451302, 0.001376639742610067, 0.0009668824527820837, 0.0012466702702341377, 0.0003287211688261167, 0.0008920606491473573, 0.0014200388728256926, 0.0008354578467914689, 0.0005353704057799894, 0.00038247020727542164, 0.0017292338457145548], [0.0031071860036590857, 0.0040116766967888285, 0.005766448176493425, 0.00465798152311959, 0.0063564402818848745, 0.0045603938593440935, 0.006000662852572286, 0.001512157981265393, 0.0042157117650788705, 0.00620966660907951, 0.004008873535389019, 0.002278239809642961, 0.0017292338457145548, 0.008339078675693262]]}
{"vector": [1.0, 1.0, 6.0, 6.0, 31865.0, 39146.0, 379556.0, 43919.0, 2.0, 0.7522355573655505, 0.2477644426344495, 0.9736032580089615, 0.026396741991038458, 0.9039789163291071, 0.09602108367089297, 0.25289884105976124, 0.7471011589402387, 0.537781551314676, 0.4622184486853241, 0.22855292460078433, 0.7714470753992158, 0.743257284781908, 0.2567427152180919, 0.04898785567889995, 0.04903856495677295, 0.05117262606590691, 0.06121614859061277, 0.09008413351583254, 0.0701024492200018, 0.05956810787893128, 0.10960507798757356, 0.007753739965043934, 0.05268462583327195, 0.0665505967990455, 0.05016287379299806, 0.09243965738075936, 0.09995487517968973, 0.08280848550058194, 0.007870181654077671, 0.0006275232648910103, 0.11025218670727743, 0.06487743089220721, 0.09245981114748697, 0.0714967735104936, 0.033667297421491334, 0.09485374807037426, 0.037983910979862937, 0.07255036418742028, 0.14447213593159142, 0.08095190924029948, 0.008438991428767589, 0.02953885296974361, 0.10090621405036228, 0.0033357812010582515, 0.053587068996672156, 0.08805900010310867, 0.014435158641644023, 0.24864561479175387, 0.18808507818737102, 0.023128568993231305, 0.027142639209465597, 0.0009407067585219913, 0.025592248743808665, 0.06733867306153293, 0.06792985207606853, 0.05529438287698795, 0.0068876447664428025, 0.06967704452571608, 0.03794733208873712, 0.013675032062626699, 0.0652210231129828, 0.0, 4.0, 5.0, 9.0, 10.0, 14.0, 15.0, 19.0, 20.0, 24.0, 25.0, 29.0, 30.0, 34.0, 35.0, 39.0, 40.0, 44.0, 45.0, 49.0, 50.0, 54.0, 55.0, 59.0, 60.0, 64.0, 65.0, 100.0, 0.016279437016543805, 0.01526346182935472, 0.15244643587289897, 0.028711539363828913, 0.14613557226493804, 0.023420192234944102, 0.09588249672676236, 0.08194712175771107, 0.12112848752484276, 0.12201354049014085, 0.007306782370755805, 0.14172771014199306, 0.00010904956091136235, 0.04762817284437422, 0.6708006298053408, 0.3291993701946593, 0.13343948381524007, 0.11766681702318078, 0.13447127995779504, 0.05055429654275442, 0.03280164939646666, 0.05857216654283174, 0.1731057418273848, 0.17069614126118005, 0.12869242363316646, 0.08039753451046991, 0.05012916704342538, 0.7445283150266051, 0.1249449834194996], "matrix": [[9.041271224520364e-05, 5.262523213467429e-05, 0.0007452281229289096, 0.00011832141422569284, 0.0008013454716486965, 0.00044126919723877777, 0.00585124086534983, 0.00042849063702796625, 0.003940804039619343, 0.0020103254844207634, 0.0002112128765593428, 0.0036487325090249095, 0.0012744514541919614, 0.0015655123961188153], [5.262523213467429e-05, 6.89051219616387e-05, 0.0007257994301686376, 0.00011437336572710989, 0.0007320091420688181, 0.00044860589109343583, 0.005440471613481994, 0.00039255009582469256, 0.0036010319917440655, 0.0019463861777895015, 0.00020192441684595486, 0.0034995095084447278, 0.0011593693630379271, 0.001488805928317582], [0.0007452281229289096, 0.0007257994301686376, 0.010818282503704639, 0.0017221439850127554, 0.01072255175428669, 0.006338862114460171, 0.0786792401848199, 0.005602718617081161, 0.05232251045620482, 0.027868914930037014, 0.0028817321732832564, 0.04994937207248889, 0.01711506578221649, 0.021868418543781038], [0.00011832141422569284, 0.00011437336572710989, 0.0017221439850127554, 0.000383487847826063, 0.0017112356918477661, 0.0010501305154410766, 0.01282930813207327, 0.0009195219102310405, 0.008399683142051839, 0.004559605782979732, 0.00047082177301792805, 0.008134520650083136, 0.002677696608844779, 0.0036476266351911078], [0.0008013454716486965, 0.0007320091420688181, 0.01072255175428669, 0.0017112356918477661, 0.012003704767022106, 0.006546752341054299, 0.08270108786732827, 0.0058052679056616605, 0.054860294549081735, 0.028747044208147738, 0.0030546535871096682, 0.05194483251720457, 0.017389839222471292, 0.02249828377802127], [0.00044126919723877777, 0.00044860589109343583, 0.006338862114460171, 0.0010501305154410766, 0.006546752341054299, 0.0048842092248453945, 0.04864464061999242, 0.0034214387009288893, 0.03258841010401189, 0.017015788351468226, 0.0017125142658009442, 0.030061477447073777, 0.010207864001661633, 0.01331892476023234], [0.00585124086534983, 0.005440471613481994, 0.0786792401848199, 0.01282930813207327, 0.08270108786732827, 0.04864464061999242, 0.651275663206459, 0.0426971649964609, 0.3975810113519092, 0.2114332190275213, 0.022319700631162502, 0.3829791156969117, 0.12644317942230657, 0.1667124070897656], [0.00042849063702796625, 0.00039255009582469256, 0.005602718617081161, 0.0009195219102310405, 0.0058052679056616605, 0.0034214387009288893, 0.0426971649964609, 0.00337193636716226, 0.02821325955801473, 0.01506381401636388, 0.001551466745180257, 0.027234200692406098, 0.009387888981956275, 0.011610361987361999], [0.003940804039619343, 0.0036010319917440655, 0.05232251045620482, 0.008399683142051839, 0.054860294549081735, 0.03258841010401189, 0.3975810113519092, 0.02821325955801473, 0.2836352354570637, 0.14048147274014633, 0.014545693406683635, 0.2551571333396783, 0.08678136200716846, 0.1106198429177575], [0.0020103254844207634, 0.0019463861777895015, 0.027868914930037014, 0.004559605782979732, 0.028747044208147738, 0.017015788351468226, 0.2114332190275213, 0.01506381401636388, 0.14048147274014633, 0.08149595809286332, 0.007616672379899681, 0.1367599477777147, 0.04574191941109343, 0.05837345876054735], [0.0002112128765593428, 0.00020192441684595486, 0.0028817321732832564, 0.00047082177301792805, 0.0030546535871096682, 0.0017125142658009442, 0.022319700631162502, 0.001551466745180257, 0.014545693406683635, 0.007616672379899681, 0.0011637324567345668, 0.01404300656655561, 0.004404333879448368, 0.005897553226314301], [0.0036487325090249095, 0.0034995095084447278, 0.04994937207248889, 0.008134520650083136, 0.05194483251720457, 0.030061477447073777, 0.3829791156969117, 0.027234200692406098, 0.2551571333396783, 0.1367599477777147, 0.01404300656655561, 0.26008063856851826, 0.08292792004511074, 0.10460051054748928], [0.0012744514541919614, 0.0011593693630379271, 0.01711506578221649, 0.002677696608844779, 0.017389839222471292, 0.010207864001661633, 0.12644317942230657, 0.009387888981956275, 0.08678136200716846, 0.04574191941109343, 0.004404333879448368, 0.08292792004511074, 0.0435220513611079, 0.03483526684987427], [0.0015655123961188153, 0.001488805928317582, 0.021868418543781038, 0.0036476266351911078, 0.02249828377802127, 0.01331892476023234, 0.1667124070897656, 0.011610361987361999, 0.1106198429177575, 0.05837345876054735, 0.005897553226314301, 0.10460051054748928, 0.03483526684987427, 0.05376990723442064]]}
{"vector": [1.0, 4.0, 1.0, 2.0, 12538.0, 13537.0, 1748340.0, 15704.0, 1.0, 0.31081051001614923, 0.6891894899838508, 0.6460026616791635, 0.35399733832083646, 0.14681396179611103, 0.8531860382038889, 0.8086304099988383, 0.19136959000116183, 0.023684134537339988, 0.9763158654626599, 0.3613506787992477, 0.6386493212007525, 0.9029598584138067, 0.0970401415861933, 0.059010804522062484, 0.06270653165930005, 0.03974792151755061, 0.11489529788092596, 0.0683429404564644, 0.08877109690347072, 0.07285214132692404, 0.08975531458428467, 0.027558396355497727, 0.03595416604643576, 0.013700559583256949, 0.07958464669650649, 0.05968464292119048, 0.07457217675158824, 0.017259730391237165, 0.09560363240330408, 0.12831893514567327, 0.04389322796287554, 0.11144801185423336, 0.07411130996885909, 0.10478084159658754, 0.08891790563940137, 0.06363577883273573, 0.0124971903821371, 0.01996896905423139, 0.07019680694517524, 0.007952759344843767, 0.1050549137844677, 0.0924166724295765, 0.026046488773021705, 0.03897898278187154, 0.01178120550430901, 0.03435299839466623, 0.07424181483173815, 0.02398994129012266, 0.10741694536214533, 0.02770782538889377, 0.07514715765805213, 0.12338270472630562, 0.040969779518273935, 0.10382910203706215, 0.0047306417998353315, 0.1294740663573942, 0.13272365055261515, 0.034694754107781695, 0.0013488877832657782, 0.08325577083751548, 0.0027339593543320756, 0.0, 4.0, 5.0, 9.0, 10.0, 14.0, 15.0, 19.0, 20.0, 24.0, 25.0, 29.0, 30.0, 34.0, 35.0, 39.0, 40.0, 44.0, 45.0, 49.0, 50.0, 54.0, 55.0, 59.0, 60.0, 64.0, 65.0, 100.0, 0.025786870983152542, 0.01253095034803775, 0.09689954469623764, 0.04067096239109666, 0.19822853558983827, 0.012056741197822983, 0.09940623827260082, 0.060370916695434304, 0.059535253920158085, 0.02421627685183361, 0.08865210593068534, 0.1657798684214624, 0.06627585827905705, 0.04958987642258253, 0.2281646060584481, 0.7718353939415519, 0.080600157531778, 0.15921772062826614, 0.1623315805115925, 0.04969369001749494, 0.0945819807590133, 0.03032243542291263, 0.1731479031113303, 0.18168574138048407, 0.0684187906371282, 0.20772151172182368, 0.21774622487244752, 0.47791800585655964, 0.09661425754916925], "matrix": [[0.008278763971071664, 0.0005497589407785854, 0.011354969816508279, 0.004315249662618084, 0.015283485745024205, 0.0015588385124808966, 0.01171049547649182, 0.009020787168935316, 0.00686106921401039, 0.004880745537829727, 0.024956521739130436, 0.03576490924805532, 0.03578205128205128, 0.0657018687527162], [0.0005497589407785854, 7.718149289308963e-05, 0.0009422133837475278, 0.0004039190586381763, 0.0012957669084890787, 0.0001307931532223592, 0.001101509552059623, 0.0008001401255740722, 0.000701437419370617, 0.00047829151964164633, 0.0021308008297067555, 0.003072632548883587, 0.003290458372310571, 0.005910798940876155], [0.011354969816508279, 0.0009422133837475278, 0.024811862574100334, 0.008313581155686419, 0.03142614960796779, 0.0029849565445591937, 0.02418617336350426, 0.01919191919191919, 0.015846245258009962, 0.010855195454784777, 0.050178372352285394, 0.07444191264415984, 0.07925602175602176, 0.1415629568171941], [0.004315249662618084, 0.0004039190586381763, 0.008313581155686419, 0.004579279778393352, 0.012399558336400442, 0.0012901707912164517, 0.009749254305782738, 0.007405241498808749, 0.006249398004815962, 0.0042148492380849455, 0.01939954233409611, 0.029252119061699194, 0.03038421052631579, 0.055439785905441574], [0.015283485745024205, 0.0012957669084890787, 0.03142614960796779, 0.012399558336400442, 0.04723477920680718, 0.004483165840781735, 0.033909563927845464, 0.026372557483668596, 0.02172676996206408, 0.015298459240964374, 0.07020979020979021, 0.10504910819517561, 0.11058624708624709, 0.20246059025720045], [0.0015588385124808966, 0.0001307931532223592, 0.0029849565445591937, 0.0012901707912164517, 0.004483165840781735, 0.0005589118898293935, 0.0034887768320883326, 0.0026249897800670425, 0.0021147145392373286, 0.001502134979670098, 0.007037503599193781, 0.010824218071781135, 0.010592577262693156, 0.02014956785273319], [0.01171049547649182, 0.001101509552059623, 0.02418617336350426, 0.009749254305782738, 0.033909563927845464, 0.0034887768320883326, 0.029219709300188162, 0.020865401253376065, 0.016664276923444576, 0.011402497850887237, 0.055079882362292346, 0.08067497894542243, 0.08509445460085314, 0.15525361757506276], [0.009020787168935316, 0.0008001401255740722, 0.01919191919191919, 0.007405241498808749, 0.026372557483668596, 0.0026249897800670425, 0.020865401253376065, 0.018046029568663313, 0.012999946206191668, 0.008761967534497764, 0.04282161388441581, 0.063010742744409, 0.06559327846364883, 0.11807909604519776], [0.00686106921401039, 0.000701437419370617, 0.015846245258009962, 0.006249398004815962, 0.02172676996206408, 0.0021147145392373286, 0.016664276923444576, 0.012999946206191668, 0.012897283096245035, 0.00745426849726886, 0.03530690537084399, 0.050061809992411443, 0.055733932461873636, 0.09064196299988922], [0.004880745537829727, 0.00047829151964164633, 0.010855195454784777, 0.0042148492380849455, 0.015298459240964374, 0.001502134979670098, 0.011402497850887237, 0.008761967534497764, 0.00745426849726886, 0.006689744443835409, 0.024721007052941703, 0.03602042621261411, 0.039645790554414785, 0.06691260919500226], [0.024956521739130436, 0.0021308008297067555, 0.050178372352285394, 0.01939954233409611, 0.07020979020979021, 0.007037503599193781, 0.055079882362292346, 0.04282161388441581, 0.03530690537084399, 0.024721007052941703, 0.1251758034026465, 0.16600553655756392, 0.17992028985507247, 0.32518054532056007], [0.03576490924805532, 0.003072632548883587, 0.07444191264415984, 0.029252119061699194, 0.10504910819517561, 0.010824218071781135, 0.08067497894542243, 0.063010742744409, 0.050061809992411443, 0.03602042621261411, 0.16600553655756392, 0.26543506010744994, 0.263645443196005, 0.4805306925664953], [0.03578205128205128, 0.003290458372310571, 0.07925602175602176, 0.03038421052631579, 0.11058624708624709, 0.010592577262693156, 0.08509445460085314, 0.06559327846364883, 0.055733932461873636, 0.039645790554414785, 0.17992028985507247, 0.263645443196005, 0.3348055555555555, 0.4925564971751412], [0.0657018687527162, 0.005910798940876155, 0.1415629568171941, 0.055439785905441574, 0.20246059025720045, 0.02014956785273319, 0.15525361757506276, 0.11807909604519776, 0.09064196299988922, 0.06691260919500226, 0.32518054532056007, 0.4805306925664953, 0.4925564971751412, 1.0764722780810112]]}
{"vector": [1.0, 7.0, 2.0, 8.0, 25210.0, 42606.0, 1857120.0, 47723.0, 1.0, 0.679672453390898, 0.32032754660910207, 0.10877666551002219, 0.8912233344899778, 0.6123224608452206, 0.38767753915477937, 0.01098780711597423, 0.9890121928840259, 0.11507667547209632, 0.8849233245279037, 0.6131825086585168, 0.38681749134148335, 0.8528005993280884, 0.14719940067191167, 0.08159028760249512, 0.04697192438315063, 0.01726342716241196, 0.039199404067404006, 0.02832418529020551, 0.011905578835133613, 0.021041894998705166, 0.11643978125523073, 0.19572187024871945, 0.01114029752964296, 0.018916387757287427, 0.1431318452873389, 0.10508049775484209, 0.03468724757332684, 0.06324586722160618, 0.06533950303249932, 0.08779334591515194, 0.05719633961032241, 0.1431257012871383, 0.05297028753107583, 0.07766628070819775, 0.046743959698790784, 0.03208740327434546, 0.07628265961754187, 0.028287557144891173, 0.014349074130243139, 0.12676369490143305, 0.059977935631275334, 0.07951635697779268, 0.039260965202731445, 0.04960307263062682, 0.02837536573844227, 0.026209306041277886, 0.13339613965653616, 0.044298251728720636, 0.04234498311023031, 0.03930544841505428, 0.10919777928171467, 0.09509452161446585, 0.0021624004184237844, 0.030218995448574842, 0.06074557700539087, 0.11192748310552701, 0.09537063756502856, 0.06930462615273622, 0.09666002850012961, 0.0021172911779106583, 0.04164653077827859, 0.0, 4.0, 5.0, 9.0, 10.0, 14.0, 15.0, 19.0, 20.0, 24.0, 25.0, 29.0, 30.0, 34.0, 35.0, 39.0, 40.0, 44.0, 45.0, 49.0, 50.0, 54.0, 55.0, 59.0, 60.0, 64.0, 65.0, 100.0, 0.036065882792221636, 0.08472530522329969, 0.07152644125302975, 0.07239746440328515, 0.02234144230596929, 0.06005182277612428, 0.01227984025738387, 0.04623177172214008, 0.11471919812062295, 0.15192192340272256, 0.04854115274532258, 0.11034962768741902, 0.10252446355431366, 0.06632366375614557, 0.22311401998456093, 0.776885980015439, 0.16520779877735692, 0.07696156190545826, 0.04196768759948882, 0.05734205147754833, 0.04617577157560033, 0.0635035024233669, 0.13184652074743006, 0.29194561047026163, 0.12504949502348864, 0.15731457012827338, 0.6194342981298256, 0.053852611977313364, 0.1693985197645876], "matrix": [[0.00777976748099387, 0.007560248363431422, 0.003209801773483833, 0.003976989301870443, 0.0044477264236970765, 0.0042979928859642035, 0.0038338459662975084, 0.006524210632646974, 0.005899563495196978, 0.016223383688354968, 0.00596189728453937, 0.013999314620238993, 0.023844851396497863, 0.014012105559913274], [0.007560248363431422, 0.008109219242246469, 0.003325675550814357, 0.0041392362668958415, 0.004600045837468348, 0.004454201265345146, 0.003984359543893095, 0.006682360768158033, 0.006115480387564409, 0.0167131229074916, 0.006085115678127586, 0.014499025979418625, 0.02483679765820232, 0.014516662743613098], [0.003209801773483833, 0.003325675550814357, 0.0014665008543366528, 0.0017319326675820951, 0.0019211994642895334, 0.0018353920180502366, 0.001639891888608825, 0.002789421369729552, 0.0025285695791222146, 0.006944712360279573, 0.002533240129374821, 0.005962882457416898, 0.010260349974049792, 0.006095654088811083], [0.003976989301870443, 0.0041392362668958415, 0.0017319326675820951, 0.0024787583041221296, 0.0026788687550034548, 0.002650577227881112, 0.002413180135073626, 0.004099147021576366, 0.003766065289819635, 0.010080116651359331, 0.003671454093472442, 0.008618559110362389, 0.014997369251815214, 0.008458248458248458], [0.0044477264236970765, 0.004600045837468348, 0.0019211994642895334, 0.0026788687550034548, 0.002953553031261187, 0.0028505072041160643, 0.002625902085300666, 0.004428131347236248, 0.004053753717580913, 0.010875038460769062, 0.003919566940239365, 0.009364709808748884, 0.016049035297322305, 0.009074394506312516], [0.0042979928859642035, 0.004454201265345146, 0.0018353920180502366, 0.002650577227881112, 0.0028505072041160643, 0.0029345655287305048, 0.0026067837780591897, 0.004476810139962144, 0.004056590702300465, 0.01091826839457881, 0.003965240560753323, 0.00937784825140774, 0.01617727804559894, 0.009056803116209057], [0.0038338459662975084, 0.003984359543893095, 0.001639891888608825, 0.002413180135073626, 0.002625902085300666, 0.0026067837780591897, 0.0024198207345681173, 0.004018055698868873, 0.003666813510048201, 0.009864082416757458, 0.003555000633335143, 0.008443327374601019, 0.014651446102040652, 0.008157428990762324], [0.006524210632646974, 0.006682360768158033, 0.002789421369729552, 0.004099147021576366, 0.004428131347236248, 0.004476810139962144, 0.004018055698868873, 0.00700065700765376, 0.006286594122364683, 0.016869591957218048, 0.006124593371472285, 0.014434801058816515, 0.02489271198277798, 0.014045377945959225], [0.005899563495196978, 0.006115480387564409, 0.0025285695791222146, 0.003766065289819635, 0.004053753717580913, 0.004056590702300465, 0.003666813510048201, 0.006286594122364683, 0.005757271717807803, 0.015396428461035666, 0.0055680879940184485, 0.013147363688746208, 0.022813674501032728, 0.012685793170536313], [0.016223383688354968, 0.0167131229074916, 0.006944712360279573, 0.010080116651359331, 0.010875038460769062, 0.01091826839457881, 0.009864082416757458, 0.016869591957218048, 0.015396428461035666, 0.04127788673149707, 0.014872930507223454, 0.03544009666325867, 0.06110558792823086, 0.03423784581884777], [0.00596189728453937, 0.006085115678127586, 0.002533240129374821, 0.003671454093472442, 0.003919566940239365, 0.003965240560753323, 0.003555000633335143, 0.006124593371472285, 0.0055680879940184485, 0.014872930507223454, 0.005501744147986047, 0.01278750593835569, 0.022121679907294686, 0.012446174281036667], [0.013999314620238993, 0.014499025979418625, 0.005962882457416898, 0.008618559110362389, 0.009364709808748884, 0.00937784825140774, 0.008443327374601019, 0.014434801058816515, 0.013147363688746208, 0.03544009666325867, 0.01278750593835569, 0.03024934779071532, 0.052247357196786456, 0.029331216580761203], [0.023844851396497863, 0.02483679765820232, 0.010260349974049792, 0.014997369251815214, 0.016049035297322305, 0.01617727804559894, 0.014651446102040652, 0.02489271198277798, 0.022813674501032728, 0.06110558792823086, 0.022121679907294686, 0.052247357196786456, 0.09089248653999824, 0.0505882660009427], [0.014012105559913274, 0.014516662743613098, 0.006095654088811083, 0.008458248458248458, 0.009074394506312516, 0.009056803116209057, 0.008157428990762324, 0.014045377945959225, 0.012685793170536313, 0.03423784581884777, 0.012446174281036667, 0.029331216580761203, 0.0505882660009427, 0.029246196848142225]]}
{"vector": [1.0, 1.0, 7.0, 7.0, 5055.0, 5937.0, 353116.0, 10198.0, 2.0, 0.2241588096608593, 0.7758411903391407, 0.25003038908266056, 0.7499696109173395, 0.21790944000165677, 0.7820905599983432, 0.6347090314861318, 0.3652909685138682, 0.3113650629246219, 0.688634937075378, 0.3675164221142885, 0.6324835778857115, 0.7199455499130916, 0.28005445008690844, 0.03532182615240514, 0.09625135798105279, 0.06448816793174209, 0.05663332541041655, 0.041632624207210665, 0.05485239812268702, 0.002651767593154639, 0.07264618708104265, 0.028640679068659913, 0.011703400661711163, 0.21962164490891184, 0.020731997246368494, 0.09859302100009006, 0.07802650793689307, 0.05636798144341067, 0.06183711325424334, 0.06681138933605493, 0.12033106626717675, 0.09988894955368602, 0.06756189798681296, 0.040117251911615116, 0.05665386553620326, 0.06916588700886545, 0.1416548696103272, 0.010705699351305034, 0.036113317391183085, 0.047969650089163304, 0.03223157018636181, 0.012296121539370507, 0.07547927801320355, 0.054311211215119795, 0.06870797500355141, 0.09136735618383156, 0.0782489019445009, 0.022734200407581475, 0.01917966701194712, 0.10149201295415745, 0.05403130432095257, 0.06641700154854713, 0.13313800048473767, 0.050105730788360045, 0.08523299333946252, 0.05226669274600678, 0.06330017211071323, 0.011667850551652766, 0.0294561442495753, 0.0070675808069739126, 0.13429439055099962, 0.0, 4.0, 5.0, 9.0, 10.0, 14.0, 15.0, 19.0, 20.0, 24.0, 25.0, 29.0, 30.0, 34.0, 35.0, 39.0, 40.0, 44.0, 45.0, 49.0, 50.0, 54.0, 55.0, 59.0, 60.0, 64.0, 65.0, 100.0, 0.11215529589014396, 0.19384278927491388, 0.07501889876497092, 0.08662764916009062, 0.08446965041813799, 0.050213748728908575, 0.10042326231361712, 0.03548821500767416, 0.031682626626896575, 0.04740321526142092, 0.021206675364815922, 0.03238815333418155, 0.08833657416030993, 0.04074324569391788, 0.7500340746921971, 0.24996592530780307, 0.25456411072748847, 0.07222925008332676, 0.16423860312171842, 0.16085326469409464, 0.002012597035648521, 0.1703992129037996, 0.033906374596246985, 0.12096464025875317, 0.02083194657892341, 0.48863502221485633, 0.11049019626495861, 0.163502334338312, 0.23737244718187311], "matrix": [[0.008565413317321831, 0.013364300837344087, 0.0019765644514886855, 0.0034252322058855715, 0.007819711374964778, 0.008395873656914564, 0.011106945850407893, 0.005422580588874597, 0.006708434129219791, 0.009472768239303538, 0.0030289274675766894, 0.0034245606993131747, 0.009701911329084014, 0.003938133622636759], [0.013364300837344087, 0.021600305517492775, 0.003182393870076491, 0.005514522368992057, 0.012782097604393439, 0.013580995881649672, 0.018170447944768332, 0.008988158173579206, 0.010951623510417383, 0.015515689092169193, 0.0049150913910657856, 0.005568926839488382, 0.01592460993240303, 0.006404671611378409], [0.0019765644514886855, 0.003182393870076491, 0.0004831258133451132, 0.0008052101259408447, 0.0018294183235647063, 0.0019464826388364304, 0.0026086990488753117, 0.001274808904573587, 0.0015771881077634997, 0.0022360466297862017, 0.000710589115207493, 0.0008064219611439973, 0.002303454148073236, 0.0009405230726019188], [0.0034252322058855715, 0.005514522368992057, 0.0008052101259408447, 0.0015035061704072696, 0.0034783694583463607, 0.0037509308478015377, 0.004980730928211119, 0.0024724858028937007, 0.0029847456791224965, 0.004196750646836694, 0.001341283803280285, 0.0015067091088562512, 0.0043457652089560084, 0.0016870050367488773], [0.007819711374964778, 0.012782097604393439, 0.0018294183235647063, 0.0034783694583463607, 0.00847450934694196, 0.009092407171018812, 0.012047800376767068, 0.00598532218167012, 0.00719107533658925, 0.010211087222063021, 0.0032463317897216673, 0.003606910148617705, 0.010434115027515619, 0.003987843538218868], [0.008395873656914564, 0.013580995881649672, 0.0019464826388364304, 0.0037509308478015377, 0.009092407171018812, 0.010098397623130508, 0.013196639767817575, 0.006576171041904863, 0.007858555981658619, 0.01109364970337753, 0.0035345118275658914, 0.003917067443383233, 0.011351829807347238, 0.004287293589246115], [0.011106945850407893, 0.018170447944768332, 0.0026086990488753117, 0.004980730928211119, 0.012047800376767068, 0.013196639767817575, 0.01777797175151207, 0.008793924888104099, 0.010429116555586935, 0.014729297871790092, 0.004712065252563574, 0.005231037489102005, 0.01502452722945737, 0.005743990794042463], [0.005422580588874597, 0.008988158173579206, 0.001274808904573587, 0.0024724858028937007, 0.00598532218167012, 0.006576171041904863, 0.008793924888104099, 0.004442071337225635, 0.005199912021871833, 0.007338974781053015, 0.0023273648723224323, 0.002583562414378124, 0.007527635239458515, 0.002832316868792091], [0.006708434129219791, 0.010951623510417383, 0.0015771881077634997, 0.0029847456791224965, 0.00719107533658925, 0.007858555981658619, 0.010429116555586935, 0.005199912021871833, 0.0063360591116866285, 0.00876192963221791, 0.0027905019572457774, 0.003098305045161818, 0.008947615013010803, 0.0034558803213392596], [0.009472768239303538, 0.015515689092169193, 0.0022360466297862017, 0.004196750646836694, 0.010211087222063021, 0.01109364970337753, 0.014729297871790092, 0.007338974781053015, 0.00876192963221791, 0.012659107057793485, 0.003969332884504173, 0.004392016812897726, 0.012607797298349498, 0.004859037727814578], [0.0030289274675766894, 0.0049150913910657856, 0.000710589115207493, 0.001341283803280285, 0.0032463317897216673, 0.0035345118275658914, 0.004712065252563574, 0.0023273648723224323, 0.0027905019572457774, 0.003969332884504173, 0.0013021837608815257, 0.0013915139629425343, 0.004031740752179801, 0.0015605893317187259], [0.0034245606993131747, 0.005568926839488382, 0.0008064219611439973, 0.0015067091088562512, 0.003606910148617705, 0.003917067443383233, 0.005231037489102005, 0.002583562414378124, 0.003098305045161818, 0.004392016812897726, 0.0013915139629425343, 0.0016088304520736954, 0.004517005946575213, 0.0017481385648924915], [0.009701911329084014, 0.01592460993240303, 0.002303454148073236, 0.0043457652089560084, 0.010434115027515619, 0.011351829807347238, 0.01502452722945737, 0.007527635239458515, 0.008947615013010803, 0.012607797298349498, 0.004031740752179801, 0.004517005946575213, 0.013254440756707384, 0.004976608273696693], [0.003938133622636759, 0.006404671611378409, 0.0009405230726019188, 0.0016870050367488773, 0.003987843538218868, 0.004287293589246115, 0.005743990794042463, 0.002832316868792091, 0.0034558803213392596, 0.004859037727814578, 0.0015605893317187259, 0.0017481385648924915, 0.004976608273696693, 0.002050801955057399]]}
{"vector": [1.0, 2.0, 4.0, 4.0, 3968.0, 6312.0, 1729353.0, 12559.0, 2.0, 0.024444378533106315, 0.9755556214668938, 0.49365138080207155, 0.5063486191979284, 0.30119344654270347, 0.6988065534572966, 0.27061523438203183, 0.7293847656179681, 0.4916145670385083, 0.5083854329614916, 0.6115033627661726, 0.38849663723382744, 0.1411657541754548, 0.8588342458245453, 0.021789169460415286, 0.09733486380850924, 0.09780892281400654, 0.07223530541862798, 0.10968581881182163, 0.002133606399010713, 0.010265276316104048, 0.054989156133715134, 0.07600246325917914, 0.05263243243027902, 0.04158958786914568, 0.09633409950469372, 0.052929637949548754, 0.016651825451382475, 0.13461110383365676, 0.06300673053990373, 0.05991944356528696, 0.07964231452812885, 0.12889114022503886, 0.08319388673001293, 0.12020268273471132, 0.03160605325431186, 0.028059444564897625, 0.08144197483038595, 0.13345484332066154, 0.020820326460112195, 0.07990470423340021, 0.047716872471099035, 0.014098137040108944, 0.012053536508121607, 0.01451912178969473, 0.06447551774402759, 0.12460802269430517, 0.0142596031256795, 0.013656608012547923, 0.07987032426877543, 0.01579133792450343, 0.08431020693430431, 0.053319120785523914, 0.09484212648453572, 0.07452025322293104, 0.06322016935091697, 0.08764911527310358, 0.11572134965267616, 0.04179237379323767, 0.05076021246408622, 0.006794982243611564, 0.07888419376926134, 0.0, 4.0, 5.0, 9.0, 10.0, 14.0, 15.0, 19.0, 20.0, 24.0, 25.0, 29.0, 30.0, 34.0, 35.0, 39.0, 40.0, 44.0, 45.0, 49.0, 50.0, 54.0, 55.0, 59.0, 60.0, 64.0, 65.0, 100.0, 0.11720522031059948, 0.012425984385891247, 0.012225199677195842, 0.04632652855739704, 0.05177117735414066, 0.0024260965187208297, 0.04017625912437689, 0.00022080774752162544, 0.042865839418110604, 0.15249588323691632, 0.047364257796070966, 0.13718200629360794, 0.2133122586722658, 0.12400248090718473, 0.30934350494255364, 0.6906564950574464, 0.025292174763752173, 0.08950199213839784, 0.19137810410911515, 0.007234624165100456, 0.05677227144226176, 0.11484178270368378, 0.2393152715060936, 0.027456656791319842, 0.24820712238027542, 0.1966304149852036, 0.3163349303101761, 0.48341629973921385, 0.003618354965406349], "matrix": [[0.0037302584317265007, 0.0005653691361257944, 0.0016413328564616118, 0.003126982646016048, 0.027266391875239028, 0.0011887339055793992, 0.009811484761232139, 0.0029450842079916145, 0.006198233826933016, 0.09502708787729544, 0.04015450643776824, 0.008451343865096033, 0.02590661984653401, 0.04878861694312338], [0.0005653691361257944, 0.00012158639224948784, 0.00033814169088141694, 0.0005033208800332088, 0.00470882704708827, 0.00019240348692403487, 0.001470750508378391, 0.00040401300404013004, 0.0010947168015230844, 0.015876936896474285, 0.006498706772679376, 0.0013847009883150951, 0.00422883882410657, 0.00821917808219178], [0.0016413328564616118, 0.00033814169088141694, 0.0013165509259259259, 0.001554951690821256, 0.013854510451045104, 0.000529079861111111, 0.0046779770276605724, 0.0015206729006233956, 0.003461314717859221, 0.04988615664845173, 0.018979700854700854, 0.004341016548463357, 0.013699494949494951, 0.025722597597597596], [0.003126982646016048, 0.0005033208800332088, 0.001554951690821256, 0.0033553875236294896, 0.024280743291720478, 0.0010593297101449276, 0.008159053384700054, 0.002567919835461807, 0.005550971242127627, 0.08653777619387028, 0.034124860646599774, 0.007437300853119539, 0.02345904699165569, 0.04512338425381904], [0.027266391875239028, 0.00470882704708827, 0.013854510451045104, 0.024280743291720478, 0.2638368787373787, 0.009493811881188119, 0.07322972803609475, 0.021442342254027382, 0.05044839562490281, 0.7705567278039279, 0.30077684691546075, 0.06683238536619619, 0.20833183318331833, 0.38394434037998393], [0.0011887339055793992, 0.00019240348692403487, 0.000529079861111111, 0.0010593297101449276, 0.009493811881188119, 0.00046125, 0.0031160337552742614, 0.000915016501650165, 0.00206053664921466, 0.03199795081967213, 0.01346153846153846, 0.0027361702127659576, 0.008826136363636364, 0.01588626126126126], [0.009811484761232139, 0.001470750508378391, 0.0046779770276605724, 0.008159053384700054, 0.07322972803609475, 0.0031160337552742614, 0.027741280777653154, 0.007926362256478813, 0.016447964300704707, 0.2546033063567822, 0.10468029860434924, 0.021783523356375498, 0.0696637258662575, 0.13136427566807313], [0.0029450842079916145, 0.00040401300404013004, 0.0015206729006233956, 0.002567919835461807, 0.021442342254027382, 0.000915016501650165, 0.007926362256478813, 0.0029234606628979727, 0.0052070913897672485, 0.07575068982308067, 0.030515359228230517, 0.006731737003487582, 0.02074107410741074, 0.04166443671394167], [0.006198233826933016, 0.0010947168015230844, 0.003461314717859221, 0.005550971242127627, 0.05044839562490281, 0.00206053664921466, 0.016447964300704707, 0.0052070913897672485, 0.014110084701625503, 0.1791949188910823, 0.07423681031010873, 0.01601685789610486, 0.04890369665238775, 0.09045563888495825], [0.09502708787729544, 0.015876936896474285, 0.04988615664845173, 0.08653777619387028, 0.7705567278039279, 0.03199795081967213, 0.2546033063567822, 0.07575068982308067, 0.1791949188910823, 2.816178446654125, 1.080857503152585, 0.23454482036972446, 0.7250422255340288, 1.3709644070299807], [0.04015450643776824, 0.006498706772679376, 0.018979700854700854, 0.034124860646599774, 0.30077684691546075, 0.01346153846153846, 0.10468029860434924, 0.030515359228230517, 0.07423681031010873, 1.080857503152585, 0.5239763313609467, 0.09158537915984724, 0.29423310023310023, 0.5328066528066528], [0.008451343865096033, 0.0013847009883150951, 0.004341016548463357, 0.007437300853119539, 0.06683238536619619, 0.0027361702127659576, 0.021783523356375498, 0.006731737003487582, 0.01601685789610486, 0.23454482036972446, 0.09158537915984724, 0.022067702831849504, 0.06279389641091768, 0.11824036802760207], [0.02590661984653401, 0.00422883882410657, 0.013699494949494951, 0.02345904699165569, 0.20833183318331833, 0.008826136363636364, 0.0696637258662575, 0.02074107410741074, 0.04890369665238775, 0.7250422255340288, 0.29423310023310023, 0.06279389641091768, 0.20185858585858588, 0.368998088998089], [0.04878861694312338, 0.00821917808219178, 0.025722597597597596, 0.04512338425381904, 0.38394434037998393, 0.01588626126126126, 0.13136427566807313, 0.04166443671394167, 0.09045563888495825, 1.3709644070299807, 0.5328066528066528, 0.11824036802760207, 0.368998088998089, 0.7421637854070287]]}
